0.6004091501235962 0.565804123878479 0.44312724471092224 0.5862398147583008 0.7055739760398865 0.5071254968643188 0.3569456934928894 0.6630311012268066 0.5544957518577576 0.4585663378238678 0.49788698554039 0.5331462621688843 0.4913482666015625 0.5602362155914307 0.49558109045028687 0.5695011019706726 0.5038489103317261 0.5726299285888672 0.5136515498161316 0.5648781061172485 0.0 0.0 0.0 0.0 0.0 0.0 0.0 0.0 0.0 0.0
0.6003965139389038 0.5657608509063721 0.4431858956813812 0.5862576365470886 0.7056435346603394 0.5070908069610596 0.356482595205307 0.6591819524765015 0.5533854961395264 0.4603971838951111 0.4962041676044464 0.5288289189338684 0.49217885732650757 0.559801459312439 0.4972529113292694 0.5705975294113159 0.5046783089637756 0.5733204483985901 0.5128114223480225 0.5651698708534241 0.3019377291202545 0.5466340184211731 0.3265620172023773 0.5013505220413208 0.3276573717594147 0.49749860167503357 0.3174331784248352 0.5041828155517578 0.3076627850532532 0.5068767666816711 0.2996404767036438 0.5096741914749146
0.6003659963607788 0.5651068091392517 0.44300413131713867 0.5856892466545105 0.7056255340576172 0.5070822238922119 0.3544367253780365 0.6446210145950317 0.5534565448760986 0.4598113000392914 0.4952423870563507 0.5313812494277954 0.4923061728477478 0.559905469417572 0.4969889521598816 0.5707905888557434 0.504605233669281 0.5735810399055481 0.5126816630363464 0.5659002065658569 0.0 0.0 0.0 0.0 0.0 0.0 0.0 0.0 0.0 0.0
0.6003609895706177 0.5653683543205261 0.44303736090660095 0.5861185789108276 0.7056227326393127 0.5068247318267822 0.3538625240325928 0.6464771032333374 0.5519478917121887 0.46074342727661133 0.4956566095352173 0.5291512608528137 0.49177905917167664 0.5610100626945496 0.49662041664123535 0.5712223649024963 0.5036476850509644 0.5755664706230164 0.5120330452919006 0.568263828754425 0.0 0.0 0.0 0.0 0.0 0.0 0.0 0.0 0.0 0.0
0.6003608703613281 0.5656460523605347 0.44305405020713806 0.5864487290382385 0.7056207656860352 0.5066415667533875 0.35376206040382385 0.6477234363555908 0.5520066022872925 0.4615858197212219 0.49617379903793335 0.5299778580665588 0.4922927916049957 0.5616865754127502 0.496419757604599 0.5708229541778564 0.5040463209152222 0.5742601156234741 0.5131953954696655 0.5665319561958313 0.0 0.0 0.0 0.0 0.0 0.0 0.0 0.0 0.0 0.0
0.600240170955658 0.5655315518379211 0.4430363178253174 0.5862461924552917 0.7055425047874451 0.5066481828689575 0.3539314270019531 0.6484187841415405 0.5521929264068604 0.46136412024497986 0.4930523931980133 0.5326341390609741 0.4927394986152649 0.56618332862854 0.49736130237579346 0.5754083395004272 0.5041018128395081 0.5779940485954285 0.5114914774894714 0.5706232190132141 0.0 0.0 0.0 0.0 0.0 0.0 0.0 0.0 0.0 0.0
0.6003271341323853 0.5673953294754028 0.44241657853126526 0.5864518284797668 0.7055582404136658 0.5066041350364685 0.3580647110939026 0.6679503917694092 0.5509532690048218 0.46113431453704834 0.49441105127334595 0.5322396755218506 0.49103111028671265 0.5659322142601013 0.49616459012031555 0.575308084487915 0.5025862455368042 0.5799117684364319 0.5094879865646362 0.572157621383667 0.32701316475868225 0.547646701335907 0.2936781942844391 0.5164189338684082 0.3050418198108673 0.5004541277885437 0.3183791935443878 0.5078176259994507 0.3295387625694275 0.5005046725273132 0.34095343947410583 0.4971177875995636
0.6003219485282898 0.5689539313316345 0.44221702218055725 0.5865469574928284 0.7055559158325195 0.506305456161499 0.3575096130371094 0.667462170124054 0.5501413345336914 0.46306249499320984 0.4926086664199829 0.5319668650627136 0.489338755607605 0.5662168860435486 0.49391552805900574 0.5754138827323914 0.5013133883476257 0.5795328617095947 0.5082435011863708 0.5709939002990723 0.3192252516746521 0.541313111782074 0.2915111184120178 0.5265856385231018 0.303166002035141 0.5032883882522583 0.31433314085006714 0.5050714612007141 0.31903064250946045 0.4994677007198334 0.32107508182525635 0.49363401532173157
0.6003450155258179 0.5702318549156189 0.44154611229896545 0.5870901942253113 0.7055486440658569 0.5065127015113831 0.35753190517425537 0.6671464443206787 0.5498821139335632 0.46397173404693604 0.4917028546333313 0.5359819531440735 0.489706814289093 0.5687164068222046 0.4943609833717346 0.5777788162231445 0.501214861869812 0.5805758833885193 0.5078884363174438 0.5734817981719971 0.3224024176597595 0.5511475801467896 0.2991381883621216 0.5000157952308655 0.3043024241924286 0.5082921385765076 0.3164871037006378 0.5098099112510681 0.3252307176589966 0.5023780465126038 0.33409589529037476 0.49755874276161194
0.6003710627555847 0.5711714625358582 0.44076794385910034 0.5879446268081665 0.7055930495262146 0.506622850894928 0.35701340436935425 0.6667402982711792 0.5497589111328125 0.4636678993701935 0.49567753076553345 0.5431882739067078 0.48804375529289246 0.5668100714683533 0.49328625202178955 0.575456440448761 0.5002732872962952 0.5792608261108398 0.5070362091064453 0.574302077293396 0.3161119222640991 0.538757860660553 0.282118022441864 0.5385215878486633 0.3018779754638672 0.5076097846031189 0.31311067938804626 0.5038931965827942 0.3167990446090698 0.49597981572151184 0.31981152296066284 0.4894700348377228
0.6006075143814087 0.5716431736946106 0.4393693506717682 0.5879106521606445 0.7074156999588013 0.5127319097518921 0.35219600796699524 0.6645344495773315 0.5573273301124573 0.47274214029312134 0.5016363263130188 0.5379645228385925 0.4938148856163025 0.5772758722305298 0.5012292861938477 0.5831578969955444 0.5096248984336853 0.5834370255470276 0.5195335745811462 0.5736459493637085 0.3115949332714081 0.5414297580718994 0.2960326373577118 0.4987342655658722 0.30166444182395935 0.48893603682518005 0.31107965111732483 0.4872981309890747 0.31790822744369507 0.48381850123405457 0.32746824622154236 0.48624348640441895
0.6005920767784119 0.5723775029182434 0.43740612268447876 0.5886866450309753 0.7099443078041077 0.5242987871170044 0.3516086935997009 0.6752526760101318 0.5593574643135071 0.4799949824810028 0.5062113404273987 0.5486451983451843 0.5029706358909607 0.5870960354804993 0.5092828273773193 0.5881356000900269 0.517692506313324 0.5826143622398376 0.5304277539253235 0.5637850761413574 0.0 0.0 0.0 0.0 0.0 0.0 0.0 0.0 0.0 0.0
0.6005945205688477 0.573415219783783 0.43606844544410706 0.5896897315979004 0.7115381956100464 0.5378652215003967 0.3542751967906952 0.6966918706893921 0.5656096339225769 0.4900522232055664 0.5122180581092834 0.5611479878425598 0.5099719166755676 0.5987163186073303 0.5147786140441895 0.6040781140327454 0.5219117403030396 0.6073220372200012 0.5321398377418518 0.5966923236846924 0.3109705448150635 0.5393136739730835 0.31468328833580017 0.4863591492176056 0.3113100230693817 0.4855824410915375 0.31064268946647644 0.4735124111175537 0.3101204037666321 0.469009667634964 0.3114652931690216 0.481693297624588
0.6019821166992188 0.5755639672279358 0.435899019241333 0.5944766402244568 0.7286285758018494 0.5704651474952698 0.35008999705314636 0.6940566301345825 0.0 0.0 0.0 0.0 0.0 0.0 0.0 0.0 0.0 0.0 0.31608060002326965 0.553573489189148 0.2930660843849182 0.5179732441902161 0.292667031288147 0.483009934425354 0.3026505708694458 0.46417638659477234 0.3095177412033081 0.46692919731140137 0.3260957598686218 0.47158172726631165
0.6028773784637451 0.5780348181724548 0.43592801690101624 0.5944606065750122 0.7385402917861938 0.5882402062416077 0.34721145033836365 0.7016571760177612 0.6192967891693115 0.5340147018432617 0.5558894276618958 0.6221423149108887 0.5574149489402771 0.6581742167472839 0.5657802224159241 0.6648319959640503 0.574611246585846 0.6655279994010925 0.5840771794319153 0.6505268216133118 0.3190450668334961 0.5683811902999878 0.29117870330810547 0.5169156193733215 0.28837311267852783 0.48859378695487976 0.2993263900279999 0.4673832058906555 0.3081863522529602 0.46035704016685486 0.3254356384277344 0.46636077761650085
0.6027609705924988 0.5807628035545349 0.4359450936317444 0.5948013067245483 0.7451848983764648 0.5977179408073425 0.3462992310523987 0.7141759395599365 0.622706413269043 0.5451366305351257 0.5596139430999756 0.6167715191841125 0.552884042263031 0.6581854820251465 0.5644564032554626 0.6692169904708862 0.5751544237136841 0.6720686554908752 0.5858268737792969 0.6547789573669434 0.32573288679122925 0.5768657326698303 0.2881019115447998 0.5195274949073792 0.2854296863079071 0.4892926514148712 0.2949650287628174 0.47029781341552734 0.3036096394062042 0.46170350909233093 0.3233037292957306 0.4655410349369049
0.6041455864906311 0.5821927189826965 0.4360085129737854 0.5974817276000977 0.7445472478866577 0.5940720438957214 0.34670865535736084 0.7286044359207153 0.6160175800323486 0.5400229096412659 0.5528484582901001 0.6135277152061462 0.550887942314148 0.651362419128418 0.5587296485900879 0.6605393886566162 0.5660732388496399 0.6656291484832764 0.5736916065216064 0.6577136516571045 0.3326312005519867 0.580947995185852 0.28852492570877075 0.5218386650085449 0.2814553678035736 0.5093756318092346 0.29377487301826477 0.4732755422592163 0.30276718735694885 0.45602503418922424 0.3210882544517517 0.4612587094306946
0.6041103005409241 0.5792888402938843 0.43599390983581543 0.5971589684486389 0.741424560546875 0.5852506160736084 0.3786088824272156 0.7305283546447754 0.5963678956031799 0.5081272125244141 0.5331751704216003 0.5871133208274841 0.5318022966384888 0.6196379661560059 0.5391679406166077 0.6274814605712891 0.5466846823692322 0.6275951862335205 0.5550003051757812 0.6140705347061157 0.3355753421783447 0.5779967904090881 0.2898452877998352 0.5152533650398254 0.2888992130756378 0.47971922159194946 0.2982522249221802 0.45793673396110535 0.30547937750816345 0.4487663507461548 0.32263198494911194 0.45843642950057983
0.604034960269928 0.5773857831954956 0.43565312027931213 0.5970233082771301 0.7381106019020081 0.5803568363189697 0.37686291337013245 0.7224412560462952 0.5878857970237732 0.49597853422164917 0.5262702107429504 0.5693700909614563 0.5229911804199219 0.6055085062980652 0.5305980443954468 0.6158251166343689 0.5378283858299255 0.6153963208198547 0.5461997985839844 0.6010103821754456 0.34096264839172363 0.5838876962661743 0.2914797365665436 0.514724612236023 0.2934166193008423 0.47970646619796753 0.30004197359085083 0.45856213569641113 0.3062320053577423 0.4480390250682831 0.32321980595588684 0.45529767870903015
0.603693962097168 0.5773174166679382 0.43430572748184204 0.5969570875167847 0.7323871850967407 0.5795446038246155 0.3749467134475708 0.7184372544288635 0.5784168839454651 0.4850122630596161 0.5216946005821228 0.5598627924919128 0.517905056476593 0.5874171853065491 0.5255296230316162 0.5859243273735046 0.5382635593414307 0.5734354257583618 0.5487331748008728 0.5575788021087646 0.3447681665420532 0.5890209674835205 0.2915310859680176 0.5182502865791321 0.2935846447944641 0.48134034872055054 0.3014533519744873 0.4589071273803711 0.307722806930542 0.44759437441825867 0.32373034954071045 0.45733094215393066
0.600517213344574 0.5772292017936707 0.4341963827610016 0.5987664461135864 0.7180854082107544 0.5514091849327087 0.36603352427482605 0.7166512608528137 0.558088481426239 0.4628445506095886 0.5008983016014099 0.5490381121635437 0.4896765947341919 0.5613625049591064 0.49771010875701904 0.5647114515304565 0.5077473521232605 0.5656459927558899 0.5181899070739746 0.5517063140869141 0.3484080731868744 0.5946476459503174 0.28936392068862915 0.5235690474510193 0.29527905583381653 0.4787716865539551 0.30344921350479126 0.45947977900505066 0.3098662793636322 0.4488154351711273 0.32527467608451843 0.45778530836105347
0.5981037020683289 0.5763130187988281 0.43409639596939087 0.6008358001708984 0.7118776440620422 0.5408071279525757 0.3600018620491028 0.7164244055747986 0.5584347248077393 0.46608826518058777 0.5023646950721741 0.5447739362716675 0.49217283725738525 0.5628138780593872 0.49897822737693787 0.5666206479072571 0.5101895928382874 0.5671253800392151 0.5234085321426392 0.5528663396835327 0.34535011649131775 0.5851336717605591 0.2916678190231323 0.5165202021598816 0.29346001148223877 0.4800999164581299 0.3030100166797638 0.461137056350708 0.31066063046455383 0.44986653327941895 0.3261175751686096 0.45691004395484924
0.598054826259613 0.5737678408622742 0.4333413243293762 0.6005890965461731 0.7130412459373474 0.5424855351448059 0.3792504668235779 0.7197163701057434 0.5645112991333008 0.4785231351852417 0.5050337314605713 0.5447037816047668 0.5016420483589172 0.5832030177116394 0.5079180598258972 0.586957573890686 0.5181394219398499 0.5842220783233643 0.5294057726860046 0.5691328048706055 0.3474244773387909 0.5935184955596924 0.2856485843658447 0.5271018147468567 0.29410436749458313 0.4777790904045105 0.30320191383361816 0.459941029548645 0.30919957160949707 0.45143553614616394 0.32512813806533813 0.4576362371444702
0.5981189012527466 0.5737686157226562 0.4318176209926605 0.598615288734436 0.7137567400932312 0.5481923222541809 0.3816058337688446 0.718475878238678 0.5699231028556824 0.4899861216545105 0.5150122046470642 0.5561245679855347 0.5091477632522583 0.5926024317741394 0.5159245133399963 0.5948207378387451 0.5262432098388672 0.5882422924041748 0.5408862829208374 0.5653457045555115 0.34381091594696045 0.5853970646858215 0.2860046625137329 0.5206277370452881 0.2898874282836914 0.4809878468513489 0.3003162443637848 0.4607217609882355 0.30810657143592834 0.45079946517944336 0.3243211507797241 0.4584135115146637
0.6005147099494934 0.5767332911491394 0.4333106577396393 0.6015319228172302 0.7208772301673889 0.569732129573822 0.41041526198387146 0.7969619631767273 0.5885946154594421 0.5203647613525391 0.5370439887046814 0.5991224050521851 0.5323473811149597 0.6363523006439209 0.5415864586830139 0.6397983431816101 0.5496168732643127 0.6332033276557922 0.5612066388130188 0.6142662167549133 0.34503379464149475 0.5940364003181458 0.28875303268432617 0.5249612927436829 0.2904385030269623 0.4796578586101532 0.2991485297679901 0.462289035320282 0.3035302460193634 0.45052701234817505 0.32078102231025696 0.45961618423461914
0.6012712717056274 0.5782161951065063 0.43287745118141174 0.6028846502304077 0.7310174703598022 0.5759279727935791 0.40352052450180054 0.7959715723991394 0.6017999053001404 0.5339127779006958 0.5481752157211304 0.613128125667572 0.5535342693328857 0.5991585850715637 0.5619385242462158 0.5987529754638672 0.5724805593490601 0.5977098941802979 0.5817039608955383 0.5942703485488892 0.3421524465084076 0.585402250289917 0.2826906144618988 0.5249782204627991 0.2864023745059967 0.4820645749568939 0.2968493402004242 0.461908221244812 0.30450746417045593 0.45139795541763306 0.3212188184261322 0.46006181836128235
0.601332426071167 0.5779073238372803 0.4314711093902588 0.6028895378112793 0.7387858629226685 0.5830719470977783 0.40167784690856934 0.8008126020431519 0.6116383671760559 0.5378053188323975 0.5613834857940674 0.6253545880317688 0.5614133477210999 0.6452552676200867 0.5695095062255859 0.6549115180969238 0.5805351138114929 0.6468172073364258 0.593510091304779 0.6212230920791626 0.3429906666278839 0.596141517162323 0.2890947461128235 0.5241053104400635 0.2904302179813385 0.47634661197662354 0.298587828874588 0.4587419033050537 0.3036600649356842 0.45028287172317505 0.3213004767894745 0.460543692111969
0.6006297469139099 0.5778704881668091 0.4305897653102875 0.603364109992981 0.742108166217804 0.5845521092414856 0.4002324640750885 0.8000008463859558 0.6168466210365295 0.5399669408798218 0.5628384351730347 0.6158549189567566 0.5601367950439453 0.6595683097839355 0.5689126253128052 0.6709149479866028 0.5814710259437561 0.6718126535415649 0.591572642326355 0.6614521741867065 0.34203290939331055 0.588500440120697 0.2811712920665741 0.525902271270752 0.2871343791484833 0.4839150905609131 0.2958989441394806 0.4659525752067566 0.30206581950187683 0.4522554874420166 0.3197568953037262 0.4585058093070984
0.6007510423660278 0.5774626731872559 0.4298928678035736 0.6041489243507385 0.7424908876419067 0.5834507942199707 0.39785242080688477 0.7915876507759094 0.6150106191635132 0.5335590839385986 0.5613954663276672 0.6188672780990601 0.5602976083755493 0.6602944731712341 0.5693612694740295 0.668927788734436 0.5788716673851013 0.6667910814285278 0.5895065665245056 0.6468148231506348 0.3370860815048218 0.5848761200904846 0.2831047773361206 0.5188824534416199 0.28566038608551025 0.48211735486984253 0.2946409285068512 0.46516409516334534 0.30137619376182556 0.4535631239414215 0.31890231370925903 0.4599161446094513
0.6006829142570496 0.5710994601249695 0.4301169514656067 0.6035107970237732 0.7318207025527954 0.5480245351791382 0.39567238092422485 0.7572827935218811 0.5751768350601196 0.4764701724052429 0.521423876285553 0.5590799450874329 0.5140492916107178 0.6029698848724365 0.5243284702301025 0.6079012155532837 0.5337104201316833 0.6090496778488159 0.5430371165275574 0.5921235680580139 0.3440122902393341 0.5966655611991882 0.28599467873573303 0.5309001803398132 0.29163751006126404 0.4826889932155609 0.29967841506004333 0.4634965658187866 0.30413129925727844 0.45263421535491943 0.3250061273574829 0.46174857020378113
0.6006847620010376 0.5686069130897522 0.4301389157772064 0.6021090745925903 0.7245069146156311 0.533048689365387 0.3960809111595154 0.751372218132019 0.5700687766075134 0.47090694308280945 0.5191516280174255 0.5512075424194336 0.5195688605308533 0.5519662499427795 0.5268425345420837 0.5466952919960022 0.53728848695755 0.5415835976600647 0.5468499660491943 0.5383193492889404 0.3460666835308075 0.599982738494873 0.28853127360343933 0.528904914855957 0.29056352376937866 0.4837515652179718 0.3005346953868866 0.46246516704559326 0.30528560280799866 0.4515225887298584 0.32439643144607544 0.4617890417575836
0.5967350602149963 0.5665556788444519 0.4294312000274658 0.6020936965942383 0.71161949634552 0.5142239332199097 0.35024794936180115 0.7006821036338806 0.5553457736968994 0.4618759751319885 0.4941540062427521 0.5397790670394897 0.4867575168609619 0.5658438205718994 0.504980742931366 0.5661227703094482 0.5169037580490112 0.5554308891296387 0.5259799957275391 0.5475302338600159 0.3445870280265808 0.591069757938385 0.2870067358016968 0.527953028678894 0.2900841534137726 0.48539671301841736 0.2997271716594696 0.46550360321998596 0.3065626621246338 0.4534275233745575 0.32606256008148193 0.4625822603702545
0.5943930745124817 0.5661991238594055 0.42945700883865356 0.6018637418746948 0.707950234413147 0.5073093175888062 0.33753159642219543 0.6818747520446777 0.5539183020591736 0.4605061113834381 0.49807208776474 0.5313826203346252 0.4886585474014282 0.5663077235221863 0.4990478456020355 0.5753746032714844 0.5090764164924622 0.5749757885932922 0.5212112069129944 0.5627591013908386 0.3416019082069397 0.5880632996559143 0.287700891494751 0.5229122042655945 0.289485901594162 0.48469260334968567 0.3000597059726715 0.4666248559951782 0.3065679371356964 0.4541625380516052 0.32656100392341614 0.4626114070415497
0.5941459536552429 0.5652135014533997 0.42948421835899353 0.6016026735305786 0.7079901695251465 0.5070318579673767 0.34625834226608276 0.6952610611915588 0.554360032081604 0.46186354756355286 0.5001784563064575 0.5307111144065857 0.49253198504447937 0.5699009299278259 0.5012322664260864 0.5765424966812134 0.5103575587272644 0.5762757658958435 0.5228207111358643 0.5606003999710083 0.3455030024051666 0.5981383323669434 0.28979045152664185 0.5282996892929077 0.29241490364074707 0.48454827070236206 0.30108726024627686 0.4667525589466095 0.305610328912735 0.4547530710697174 0.32635265588760376 0.4623985290527344
0.5941869020462036 0.5651161670684814 0.42949384450912476 0.5967106223106384 0.7096112966537476 0.5107288956642151 0.35177984833717346 0.7007226943969727 0.5590997934341431 0.4692465364933014 0.5064017176628113 0.5405364036560059 0.49792298674583435 0.5776110887527466 0.5062472224235535 0.5792401432991028 0.5167663097381592 0.5726873278617859 0.5304256081581116 0.5540594458580017 0.3460107147693634 0.6029842495918274 0.2873547375202179 0.5296147465705872 0.2897147536277771 0.4850957989692688 0.29985377192497253 0.4643862843513489 0.30593350529670715 0.45307284593582153 0.3260301649570465 0.46393758058547974
0.5943742990493774 0.5626420974731445 0.4295053482055664 0.5935644507408142 0.7107654213905334 0.5134923458099365 0.35341835021972656 0.7018693089485168 0.5645355582237244 0.48047155141830444 0.5148890018463135 0.553277850151062 0.5071811079978943 0.5772984027862549 0.5199008584022522 0.5659680366516113 0.5321872234344482 0.5554066300392151 0.5420715808868408 0.5490652322769165 0.3435690402984619 0.595946729183197 0.2842685282230377 0.531014084815979 0.28879228234291077 0.48822978138923645 0.2984894812107086 0.46364492177963257 0.30516114830970764 0.4542657732963562 0.3260149359703064 0.4638325273990631
0.5944591164588928 0.5625622868537903 0.42950114607810974 0.5905091166496277 0.711178183555603 0.5237417221069336 0.35525164008140564 0.697489321231842 0.5699565410614014 0.4905353784561157 0.5186445713043213 0.5679275989532471 0.5112812519073486 0.5985052585601807 0.5181437730789185 0.6001588702201843 0.5298019647598267 0.5968873500823975 0.5429157018661499 0.5805670619010925 0.34051352739334106 0.5934796333312988 0.28679656982421875 0.5252315402030945 0.2863755524158478 0.4863058924674988 0.2973361313343048 0.4669077396392822 0.30442047119140625 0.45652371644973755 0.3249973952770233 0.4650764465332031
0.5967292189598083 0.5674757361412048 0.4292834401130676 0.5961887836456299 0.7347674369812012 0.5655078887939453 0.343791663646698 0.7014682292938232 0.6132392287254333 0.5440075397491455 0.5590107440948486 0.6440660953521729 0.557115912437439 0.6813774108886719 0.5685316324234009 0.6874331831932068 0.5786890983581543 0.6879315376281738 0.5875414609909058 0.6733331680297852 0.3349151015281677 0.5937626361846924 0.28187042474746704 0.5265023708343506 0.28353947401046753 0.4894556701183319 0.29423558712005615 0.4698639214038849 0.3009371757507324 0.45992225408554077 0.32048529386520386 0.47195225954055786
0.5983554124832153 0.5677873492240906 0.4293314814567566 0.5963964462280273 0.7417787909507751 0.5792456865310669 0.3422710597515106 0.7037973999977112 0.6113900542259216 0.5437505841255188 0.5555037260055542 0.6398752331733704 0.5545323491096497 0.6736205816268921 0.5651657581329346 0.6874023675918579 0.5740306973457336 0.6838294863700867 0.5849593281745911 0.6624521017074585 0.3274027109146118 0.5879882574081421 0.2802498936653137 0.5257564187049866 0.27836740016937256 0.4927791357040405 0.29020217061042786 0.47180381417274475 0.2974017262458801 0.4624466896057129 0.3203415870666504 0.4730166494846344
0.6002309918403625 0.5712771415710449 0.429462194442749 0.5964089035987854 0.7400029897689819 0.5793314576148987 0.34261786937713623 0.7040433287620544 0.6053318381309509 0.5353593230247498 0.5491546988487244 0.6278954148292542 0.5473844408988953 0.6603734493255615 0.555523157119751 0.6658839583396912 0.5633358359336853 0.6668411493301392 0.571812629699707 0.6552485227584839 0.3372351825237274 0.5990988612174988 0.28333842754364014 0.5333565473556519 0.2814631462097168 0.4959617555141449 0.2924436926841736 0.4735300838947296 0.29796940088272095 0.4624692499637604 0.32110315561294556 0.47299376130104065
0.6005658507347107 0.5722529292106628 0.43034958839416504 0.5966567397117615 0.737761378288269 0.5770813226699829 0.34450727701187134 0.7012650966644287 0.5954427123069763 0.5210821628570557 0.5348730683326721 0.6194839477539062 0.5377063155174255 0.647949755191803 0.5471455454826355 0.6574154496192932 0.5539171099662781 0.6583101153373718 0.5617485046386719 0.644665539264679 0.3347700238227844 0.5908879041671753 0.28387635946273804 0.5219345092773438 0.28430089354515076 0.4881514012813568 0.29405057430267334 0.4673900306224823 0.3003501892089844 0.4604683816432953 0.3215459883213043 0.4693119525909424
0.6004477739334106 0.5720975995063782 0.4300077557563782 0.5953525900840759 0.737504780292511 0.5744906067848206 0.3453812301158905 0.6972981095314026 0.5875401496887207 0.5086016654968262 0.5319733619689941 0.5959838032722473 0.5265387892723083 0.6337321400642395 0.5356601476669312 0.6411056518554688 0.5446707010269165 0.6420077681541443 0.5541285872459412 0.6279326677322388 0.3420005142688751 0.5997495651245117 0.28051117062568665 0.5346764922142029 0.2834603190422058 0.4911714196205139 0.2953574061393738 0.4705577492713928 0.3008693754673004 0.4569542706012726 0.32390934228897095 0.4683970808982849
0.6004324555397034 0.5687552094459534 0.4301307201385498 0.5933728218078613 0.7326812148094177 0.5736347436904907 0.3485540449619293 0.6979817152023315 0.5797357559204102 0.4958660304546356 0.5180152058601379 0.5947763919830322 0.5229274034500122 0.6210148930549622 0.5295605063438416 0.6295742988586426 0.5368321537971497 0.6286525726318359 0.5478258728981018 0.607793390750885 0.3414536714553833 0.5946861505508423 0.2870770990848541 0.5238153338432312 0.2861505448818207 0.4866207540035248 0.29746532440185547 0.4664739966392517 0.30402547121047974 0.45448148250579834 0.3253166377544403 0.46748724579811096
0.6003618240356445 0.5643852353096008 0.43014055490493774 0.5844838619232178 0.7221192121505737 0.5347369313240051 0.3479086756706238 0.6788071393966675 0.5613502264022827 0.4760042726993561 0.4973442554473877 0.5455000400543213 0.48957952857017517 0.5811303853988647 0.5044481754302979 0.590287983417511 0.5133138298988342 0.5896584987640381 0.5205833315849304 0.5803813934326172 0.341450572013855 0.5918252468109131 0.28759172558784485 0.5204253792762756 0.28834855556488037 0.481667697429657 0.2988513112068176 0.4629286229610443 0.3056023418903351 0.45428454875946045 0.3268265426158905 0.46563974022865295
0.5998581647872925 0.5637213587760925 0.42972269654273987 0.5823488831520081 0.7177706360816956 0.530944287776947 0.3454572558403015 0.6700282692909241 0.5614051818847656 0.47723153233528137 0.504928469657898 0.5425687432289124 0.4972682297229767 0.5832968950271606 0.5063148140907288 0.5896716713905334 0.5150290727615356 0.5882710218429565 0.5255957841873169 0.573091447353363 0.33145999908447266 0.5810205936431885 0.28365057706832886 0.5199981927871704 0.28611844778060913 0.482183575630188 0.296890527009964 0.4636844992637634 0.3035740256309509 0.455114483833313 0.3280775547027588 0.4658663868904114
0.5992709398269653 0.5633557438850403 0.42936086654663086 0.5811953544616699 0.7174429297447205 0.5338585376739502 0.3480550944805145 0.6741172671318054 0.566077709197998 0.48685920238494873 0.5104814171791077 0.5581828355789185 0.5038881897926331 0.5947580337524414 0.5129703879356384 0.6008907556533813 0.5218003392219543 0.6019908785820007 0.5329131484031677 0.587732195854187 0.3399127721786499 0.5944263339042664 0.28446927666664124 0.5249649286270142 0.28747284412384033 0.4866126775741577 0.29767751693725586 0.46601563692092896 0.3042215406894684 0.45708978176116943 0.32705941796302795 0.4675150215625763
0.6004921793937683 0.5648773312568665 0.4308290481567383 0.5824323296546936 0.7221066951751709 0.5567545890808105 0.34880295395851135 0.6767852306365967 0.5828933119773865 0.5202792882919312 0.528547465801239 0.6069950461387634 0.5295986533164978 0.642708420753479 0.5375391244888306 0.648965060710907 0.5435482859611511 0.6482667922973633 0.5549383759498596 0.6330434679985046 0.33441728353500366 0.5894386172294617 0.282451868057251 0.5214902758598328 0.28383252024650574 0.4853288233280182 0.29507261514663696 0.4680114686489105 0.30136838555336 0.4585789740085602 0.3240327835083008 0.4708133935928345
0.6008647680282593 0.5682551264762878 0.43095073103904724 0.589454174041748 0.7285347580909729 0.5664851069450378 0.3632301688194275 0.690030038356781 0.5942211747169495 0.533547580242157 0.541107177734375 0.6168450117111206 0.5329397916793823 0.655310869216919 0.5425705313682556 0.6642031073570251 0.5523887872695923 0.6669229865074158 0.5636731386184692 0.6532627940177917 0.3403165936470032 0.6006144881248474 0.2836682200431824 0.5341281890869141 0.28339913487434387 0.49249234795570374 0.29460886120796204 0.4722203016281128 0.3000555634498596 0.4594271779060364 0.32393017411231995 0.4711969196796417
0.6030780076980591 0.5681889653205872 0.4310389459133148 0.5914260149002075 0.7359500527381897 0.5760257840156555 0.37016135454177856 0.7046196460723877 0.6043787598609924 0.5460948944091797 0.5515903830528259 0.6266488432884216 0.5477850437164307 0.6517632007598877 0.5574905872344971 0.6595044136047363 0.5689612627029419 0.6568798422813416 0.5806224942207336 0.63972008228302 0.3386884331703186 0.597021758556366 0.2823324501514435 0.5294817090034485 0.2812442183494568 0.4898194968700409 0.29395008087158203 0.4692575931549072 0.30150726437568665 0.458873450756073 0.32286733388900757 0.4699096977710724
0.6030104756355286 0.568228006362915 0.4311884343624115 0.5920425057411194 0.7448259592056274 0.5894399285316467 0.3755018413066864 0.7294424176216125 0.6156903505325317 0.5555778741836548 0.5634912848472595 0.6377266645431519 0.5594426989555359 0.6865782737731934 0.5695870518684387 0.6977586150169373 0.5801288485527039 0.7003474831581116 0.589779257774353 0.6823154091835022 0.335904061794281 0.5938023328781128 0.2824629545211792 0.5301007628440857 0.27927452325820923 0.49215129017829895 0.2929391860961914 0.4741631746292114 0.30001702904701233 0.46422746777534485 0.32239529490470886 0.47408267855644226
0.6032904982566833 0.5681508779525757 0.431447833776474 0.5931512117385864 0.748242974281311 0.5936200022697449 0.34707751870155334 0.7249804735183716 0.6160368919372559 0.5552123188972473 0.5618006587028503 0.6346693634986877 0.5560130476951599 0.6812583208084106 0.565458357334137 0.6913097500801086 0.5769938230514526 0.6905801296234131 0.5895892977714539 0.6692876219749451 0.3389129042625427 0.6054003238677979 0.27868905663490295 0.539598822593689 0.2810880243778229 0.49404484033584595 0.291984498500824 0.4743184447288513 0.298287570476532 0.4631116986274719 0.3216327726840973 0.47186267375946045
0.6032463312149048 0.5693667531013489 0.4317300319671631 0.5931613445281982 0.7448318600654602 0.5895693898200989 0.3463725447654724 0.6924270391464233 0.5884410738945007 0.5227847695350647 0.5202455520629883 0.6069544553756714 0.49947527050971985 0.5959510207176208 0.5331665873527527 0.6358934640884399 0.5420575737953186 0.640235424041748 0.5492242574691772 0.6323866844177246 0.3408878743648529 0.5985931158065796 0.2862999737262726 0.530613899230957 0.2844071388244629 0.49078047275543213 0.2962379455566406 0.4710848927497864 0.30327168107032776 0.46429750323295593 0.3251737058162689 0.4742196202278137
0.6026535630226135 0.5693358778953552 0.43135300278663635 0.5894889831542969 0.7395814061164856 0.5871569514274597 0.34664803743362427 0.6699010729789734 0.583947479724884 0.5123295187950134 0.5174116492271423 0.591513454914093 0.5157838463783264 0.6224772930145264 0.524612307548523 0.6324359774589539 0.5325560569763184 0.6373578906059265 0.5425577759742737 0.6223666667938232 0.3393726646900177 0.5952632427215576 0.28616052865982056 0.530180037021637 0.28288811445236206 0.49348270893096924 0.295505166053772 0.47264423966407776 0.3035682737827301 0.4625798463821411 0.32700660824775696 0.4751494526863098
0.6006762981414795 0.5644247531890869 0.4299686849117279 0.5838131904602051 0.7271572351455688 0.5780404806137085 0.34862303733825684 0.6843815445899963 0.5685709714889526 0.4894137382507324 0.5017947554588318 0.5489852428436279 0.49189016222953796 0.5862502455711365 0.5067579746246338 0.5966420769691467 0.5175716876983643 0.6006687879562378 0.5251248478889465 0.5959036946296692 0.3434946835041046 0.6081023812294006 0.2853403389453888 0.5404638648033142 0.28559374809265137 0.49690017104148865 0.2954465448856354 0.4776395261287689 0.30285051465034485 0.4646657705307007 0.3268110156059265 0.4771078824996948
0.5983355045318604 0.5622634291648865 0.4288223385810852 0.5810281038284302 0.7216126322746277 0.5704837441444397 0.3458506166934967 0.6815877556800842 0.5638391375541687 0.4884730875492096 0.5055149793624878 0.5443280935287476 0.48913267254829407 0.582676887512207 0.503177285194397 0.6010933518409729 0.5136765837669373 0.6066070795059204 0.5204105377197266 0.5989357233047485 0.33363986015319824 0.592579185962677 0.28269919753074646 0.5302937030792236 0.28312280774116516 0.4955950379371643 0.2944278419017792 0.47312939167022705 0.3025020956993103 0.4661928117275238 0.32647648453712463 0.4781542122364044
0.5971131920814514 0.5584633946418762 0.42754095792770386 0.5796405076980591 0.7198290824890137 0.5682965517044067 0.34815606474876404 0.6939408779144287 0.5618247985839844 0.4938679337501526 0.5016233325004578 0.5470664501190186 0.4883837103843689 0.5874505043029785 0.5009264349937439 0.6072527766227722 0.5114272236824036 0.6129059791564941 0.5193264484405518 0.6050711274147034 0.3414132595062256 0.6115952730178833 0.28579336404800415 0.5443150997161865 0.28587791323661804 0.4995523691177368 0.29503345489501953 0.47948721051216125 0.3020171821117401 0.46956372261047363 0.32518237829208374 0.4824323356151581
0.596622109413147 0.5545098185539246 0.4274057447910309 0.5756955146789551 0.7193532586097717 0.5676314234733582 0.34834569692611694 0.6941576600074768 0.5618415474891663 0.4974203109741211 0.502280592918396 0.5495941042900085 0.4901772737503052 0.5895206928253174 0.5002034902572632 0.6078736782073975 0.5101673007011414 0.6137254238128662 0.518208920955658 0.607107937335968 0.3156135082244873 0.5935154557228088 0.27770155668258667 0.5304925441741943 0.2854023277759552 0.49622273445129395 0.2920452356338501 0.4811476767063141 0.3000548481941223 0.4788148105144501 0.32537347078323364 0.48192670941352844
0.5964727401733398 0.5539402365684509 0.4272959232330322 0.5742664337158203 0.719183087348938 0.567582368850708 0.34852343797683716 0.6998568773269653 0.562002420425415 0.5008015632629395 0.5018144845962524 0.5518003106117249 0.49001243710517883 0.5918145775794983 0.4986759126186371 0.6102772951126099 0.5096004605293274 0.6164771318435669 0.5180386304855347 0.6117910742759705 0.3322147727012634 0.5993946194648743 0.28235840797424316 0.5494898557662964 0.28537023067474365 0.517861545085907 0.29093581438064575 0.4898969829082489 0.2994947135448456 0.4795898199081421 0.323136568069458 0.486679345369339
0.5965098738670349 0.5537950992584229 0.4283456802368164 0.5746908187866211 0.7191145420074463 0.5709146857261658 0.3486343026161194 0.6990655660629272 0.5635051131248474 0.5035994052886963 0.5038963556289673 0.5548156499862671 0.4923155903816223 0.5951087474822998 0.5009865164756775 0.611741840839386 0.5115563869476318 0.6163654327392578 0.5187357664108276 0.6143124103546143 0.33769670128822327 0.617729127407074 0.27722758054733276 0.5539339184761047 0.2928279936313629 0.5367850661277771 0.29963189363479614 0.5035179257392883 0.30257710814476013 0.48108187317848206 0.32346147298812866 0.48957327008247375
0.5979641675949097 0.5574174523353577 0.4316732883453369 0.5755470395088196 0.7195032835006714 0.6365407109260559 0.3279615044593811 0.5966789722442627 0.0 0.0 0.0 0.0 0.0 0.0 0.0 0.0 0.0 0.0 0.0 0.0 0.0 0.0 0.0 0.0 0.0 0.0 0.0 0.0
0.599673330783844 0.5583047270774841 0.433769553899765 0.5659736394882202 0.7143834829330444 0.6953297853469849 0.3261836767196655 0.592644214630127 0.0 0.0 0.0 0.0 0.0 0.0 0.0 0.0 0.0 0.0 0.0 0.0 0.0 0.0 0.0 0.0 0.0 0.0 0.0 0.0
0.6013498306274414 0.5637887120246887 0.43363848328590393 0.5617667436599731 0.703893780708313 0.7484757900238037 0.3197563886642456 0.6109222173690796 0.0 0.0 0.0 0.0 0.0 0.0 0.0 0.0 0.0 0.0 0.0 0.0 0.0 0.0 0.0 0.0 0.0 0.0 0.0 0.0
0.6017952561378479 0.5716519355773926 0.4340914785861969 0.5560909509658813 0.6876870393753052 0.7581341862678528 0.3203006982803345 0.6132503151893616 0.0 0.0 0.0 0.0 0.0 0.0 0.0 0.0 0.0 0.0 0.0 0.0 0.0 0.0 0.0 0.0 0.0 0.0 0.0 0.0
0.6019836664199829 0.5816646814346313 0.43408674001693726 0.5573522448539734 0.609265923500061 0.8407325148582458 0.3290717303752899 0.6550083160400391 0.0 0.0 0.0 0.0 0.0 0.0 0.0 0.0 0.0 0.0 0.2850882411003113 0.7300336360931396 0.21845832467079163 0.7118071913719177 0.2331746518611908 0.7041386961936951 0.25210556387901306 0.686570942401886 0.2633918523788452 0.6744894981384277 0.27090251445770264 0.6598790287971497
0.6019721627235413 0.5864653587341309 0.43365469574928284 0.5577011704444885 0.5953774452209473 0.8488532304763794 0.3292804956436157 0.6680176854133606 0.0 0.0 0.0 0.0 0.0 0.0 0.0 0.0 0.0 0.0 0.28109976649284363 0.7346011996269226 0.22467100620269775 0.7400808334350586 0.22501623630523682 0.7350623607635498 0.24474184215068817 0.7207042574882507 0.25498902797698975 0.7084871530532837 0.2646278142929077 0.6881704330444336
0.6018068194389343 0.588180661201477 0.43363672494888306 0.5578727722167969 0.5915136933326721 0.850193977355957 0.33264291286468506 0.6887301206588745 0.0 0.0 0.0 0.0 0.0 0.0 0.0 0.0 0.0 0.0 0.27813994884490967 0.7440187335014343 0.21623645722866058 0.7580041885375977 0.21068884432315826 0.7444987893104553 0.23944106698036194 0.7288544774055481 0.2518342137336731 0.7077631950378418 0.2607930600643158 0.6928406357765198
0.6001983880996704 0.587532639503479 0.43119877576828003 0.5588712692260742 0.5839228630065918 0.8558285236358643 0.3382273316383362 0.6989037990570068 0.0 0.0 0.0 0.0 0.0 0.0 0.0 0.0 0.0 0.0 0.0 0.0 0.0 0.0 0.0 0.0 0.0 0.0 0.0 0.0
0.5990451574325562 0.5865062475204468 0.43098926544189453 0.5597051978111267 0.5836864709854126 0.8584331274032593 0.3385886549949646 0.6935399174690247 0.0 0.0 0.0 0.0 0.0 0.0 0.0 0.0 0.0 0.0 0.0 0.0 0.0 0.0 0.0 0.0 0.0 0.0 0.0 0.0
0.598421037197113 0.5858072638511658 0.43033474683761597 0.5598830580711365 0.5851415395736694 0.8620683550834656 0.33793744444847107 0.6959341764450073 0.0 0.0 0.0 0.0 0.0 0.0 0.0 0.0 0.0 0.0 0.0 0.0 0.0 0.0 0.0 0.0 0.0 0.0 0.0 0.0
0.5982304215431213 0.5853328108787537 0.4297885298728943 0.5635331869125366 0.5863127112388611 0.8697493672370911 0.33030828833580017 0.710880696773529 0.0 0.0 0.0 0.0 0.0 0.0 0.0 0.0 0.0 0.0 0.0 0.0 0.0 0.0 0.0 0.0 0.0 0.0 0.0 0.0
0.5996046662330627 0.5892001390457153 0.41984763741493225 0.5732192397117615 0.596997857093811 0.8917515277862549 0.3192354440689087 0.7707536220550537 0.0 0.0 0.0 0.0 0.0 0.0 0.0 0.0 0.0 0.0 0.0 0.0 0.0 0.0 0.0 0.0 0.0 0.0 0.0 0.0
0.601042628288269 0.5912599563598633 0.41776496171951294 0.5763782262802124 0.6021676659584045 0.8948784470558167 0.3101925253868103 0.7689429521560669 0.0 0.0 0.0 0.0 0.0 0.0 0.0 0.0 0.0 0.0 0.0 0.0 0.0 0.0 0.0 0.0 0.0 0.0 0.0 0.0
0.6015269756317139 0.5967693328857422 0.3946250379085541 0.5895882248878479 0.6051128506660461 0.9171523451805115 0.29421481490135193 0.898955225944519 0.0 0.0 0.0 0.0 0.0 0.0 0.0 0.0 0.0 0.0 0.0 0.0 0.0 0.0 0.0 0.0 0.0 0.0 0.0 0.0
0.6021386384963989 0.5999482870101929 0.3859154284000397 0.6020104289054871 0.6061727404594421 0.9342769384384155 0.27877211570739746 0.9477217197418213 0.0 0.0 0.0 0.0 0.0 0.0 0.0 0.0 0.0 0.0 0.0 0.0 0.0 0.0 0.0 0.0 0.0 0.0 0.0 0.0
0.6043300628662109 0.6002141237258911 0.3845806121826172 0.6088199615478516 0.6105577349662781 0.9373605251312256 0.27310749888420105 0.9541679620742798 0.0 0.0 0.0 0.0 0.0 0.0 0.0 0.0 0.0 0.0 0.0 0.0 0.0 0.0 0.0 0.0 0.0 0.0 0.0 0.0
0.6057707071304321 0.601182222366333 0.38574913144111633 0.6115596890449524 0.6170340180397034 0.9342833757400513 0.2656955122947693 0.9537330865859985 0.0 0.0 0.0 0.0 0.0 0.0 0.0 0.0 0.0 0.0 0.0 0.0 0.0 0.0 0.0 0.0 0.0 0.0 0.0 0.0
0.6228688955307007 0.6189852952957153 0.3901914656162262 0.6345327496528625 0.6439459323883057 0.9423182010650635 0.2975166141986847 0.9688165187835693 0.0 0.0 0.0 0.0 0.0 0.0 0.0 0.0 0.0 0.0 0.0 0.0 0.0 0.0 0.0 0.0 0.0 0.0 0.0 0.0
0.6305132508277893 0.6300767660140991 0.39074355363845825 0.6371951699256897 0.6519282460212708 0.9506180882453918 0.3281133472919464 0.9503546953201294 0.0 0.0 0.0 0.0 0.0 0.0 0.0 0.0 0.0 0.0 0.0 0.0 0.0 0.0 0.0 0.0 0.0 0.0 0.0 0.0
0.6380540132522583 0.6414340138435364 0.39096757769584656 0.6499048471450806 0.6627956628799438 0.9669246077537537 0.3452457785606384 0.9573755860328674 0.0 0.0 0.0 0.0 0.0 0.0 0.0 0.0 0.0 0.0 0.0 0.0 0.0 0.0 0.0 0.0 0.0 0.0 0.0 0.0
0.6497989892959595 0.6593487858772278 0.39099153876304626 0.6788844466209412 0.6899189949035645 0.9928076863288879 0.342367947101593 0.9828917384147644 0.0 0.0 0.0 0.0 0.0 0.0 0.0 0.0 0.0 0.0 0.0 0.0 0.0 0.0 0.0 0.0 0.0 0.0 0.0 0.0
0.6586562991142273 0.6654419302940369 0.3915046453475952 0.6864669322967529 0.7068093419075012 0.9979178309440613 0.33852702379226685 1.000897765159607 0.0 0.0 0.0 0.0 0.0 0.0 0.0 0.0 0.0 0.0 0.0 0.0 0.0 0.0 0.0 0.0 0.0 0.0 0.0 0.0
0.6663528680801392 0.6671467423439026 0.3909279704093933 0.6971290111541748 0.718465268611908 1.0026711225509644 0.33623313903808594 1.009252905845642 0.0 0.0 0.0 0.0 0.0 0.0 0.0 0.0 0.0 0.0 0.0 0.0 0.0 0.0 0.0 0.0 0.0 0.0 0.0 0.0
0.6735448241233826 0.6604471206665039 0.38870593905448914 0.6848915219306946 0.7302082777023315 0.9906070232391357 0.3355712294578552 0.9982476234436035 0.0 0.0 0.0 0.0 0.0 0.0 0.0 0.0 0.0 0.0 0.0 0.0 0.0 0.0 0.0 0.0 0.0 0.0 0.0 0.0
0.6782582998275757 0.6578837037086487 0.3862482011318207 0.6781139969825745 0.7349973917007446 0.9858046770095825 0.3348759114742279 0.9932709336280823 0.0 0.0 0.0 0.0 0.0 0.0 0.0 0.0 0.0 0.0 0.0 0.0 0.0 0.0 0.0 0.0 0.0 0.0 0.0 0.0
0.6814830303192139 0.6070510149002075 0.37957438826560974 0.6467396020889282 0.7450402975082397 0.9827097654342651 0.33593952655792236 0.987135648727417 0.0 0.0 0.0 0.0 0.0 0.0 0.0 0.0 0.0 0.0 0.0 0.0 0.0 0.0 0.0 0.0 0.0 0.0 0.0 0.0
0.6831327676773071 0.577392041683197 0.3749694526195526 0.6226310133934021 0.7519036531448364 0.9755462408065796 0.33958929777145386 0.9816073775291443 0.0 0.0 0.0 0.0 0.0 0.0 0.0 0.0 0.0 0.0 0.0 0.0 0.0 0.0 0.0 0.0 0.0 0.0 0.0 0.0
0.6841616034507751 0.5619313716888428 0.37023866176605225 0.6052847504615784 0.7518340945243835 0.9660875201225281 0.34061142802238464 0.9793580770492554 0.0 0.0 0.0 0.0 0.0 0.0 0.0 0.0 0.0 0.0 0.0 0.0 0.0 0.0 0.0 0.0 0.0 0.0 0.0 0.0
0.6799255609512329 0.5231844782829285 0.3553977608680725 0.5769510269165039 0.7485178112983704 0.9570832848548889 0.3399738371372223 0.9774838089942932 0.0 0.0 0.0 0.0 0.0 0.0 0.0 0.0 0.0 0.0 0.0 0.0 0.0 0.0 0.0 0.0 0.0 0.0 0.0 0.0
0.678162157535553 0.5001250505447388 0.34129732847213745 0.562044620513916 0.740715742111206 0.9324617981910706 0.3255097270011902 0.9692527651786804 0.0 0.0 0.0 0.0 0.0 0.0 0.0 0.0 0.0 0.0 0.0 0.0 0.0 0.0 0.0 0.0 0.0 0.0 0.0 0.0
0.6721085906028748 0.49394333362579346 0.33018773794174194 0.549341082572937 0.740342915058136 0.9060353636741638 0.3117919862270355 0.9590060710906982 0.0 0.0 0.0 0.0 0.0 0.0 0.0 0.0 0.0 0.0 0.0 0.0 0.0 0.0 0.0 0.0 0.0 0.0 0.0 0.0
0.6655395030975342 0.48709842562675476 0.320526659488678 0.5452061295509338 0.7320755124092102 0.899348258972168 0.29906633496284485 0.9511470198631287 0.0 0.0 0.0 0.0 0.0 0.0 0.0 0.0 0.0 0.0 0.0 0.0 0.0 0.0 0.0 0.0 0.0 0.0 0.0 0.0
0.6567633748054504 0.4818855822086334 0.31158608198165894 0.540597677230835 0.7212236523628235 0.9016199707984924 0.29086562991142273 0.9508085250854492 0.0 0.0 0.0 0.0 0.0 0.0 0.0 0.0 0.0 0.0 0.0 0.0 0.0 0.0 0.0 0.0 0.0 0.0 0.0 0.0
0.6245495676994324 0.4536646604537964 0.27007895708084106 0.5010242462158203 0.6901861429214478 0.8914480209350586 0.2621248662471771 0.9445070028305054 0.0 0.0 0.0 0.0 0.0 0.0 0.0 0.0 0.0 0.0 0.0 0.0 0.0 0.0 0.0 0.0 0.0 0.0 0.0 0.0
0.6090289950370789 0.43704983592033386 0.25399261713027954 0.48869115114212036 0.6713242530822754 0.862641453742981 0.25350967049598694 0.9370980262756348 0.0 0.0 0.0 0.0 0.0 0.0 0.0 0.0 0.0 0.0 0.0 0.0 0.0 0.0 0.0 0.0 0.0 0.0 0.0 0.0
0.6042694449424744 0.4349084198474884 0.24222901463508606 0.4824872314929962 0.6583576202392578 0.8656467199325562 0.24856121838092804 0.9310654401779175 0.0 0.0 0.0 0.0 0.0 0.0 0.0 0.0 0.0 0.0 0.0 0.0 0.0 0.0 0.0 0.0 0.0 0.0 0.0 0.0
0.6019200086593628 0.43080151081085205 0.23988261818885803 0.4799765348434448 0.6561294198036194 0.8629303574562073 0.24405117332935333 0.9313272833824158 0.0 0.0 0.0 0.0 0.0 0.0 0.0 0.0 0.0 0.0 0.0 0.0 0.0 0.0 0.0 0.0 0.0 0.0 0.0 0.0
0.5960625410079956 0.42339056730270386 0.23023393750190735 0.4773390591144562 0.6480633020401001 0.866625964641571 0.238053560256958 0.9314585328102112 0.0 0.0 0.0 0.0 0.0 0.0 0.0 0.0 0.0 0.0 0.0 0.0 0.0 0.0 0.0 0.0 0.0 0.0 0.0 0.0
0.546658456325531 0.39228135347366333 0.17535454034805298 0.46733084321022034 0.5958941578865051 0.8466611504554749 0.20010820031166077 0.9247637391090393 0.0 0.0 0.0 0.0 0.0 0.0 0.0 0.0 0.0 0.0 0.0 0.0 0.0 0.0 0.0 0.0 0.0 0.0 0.0 0.0
0.5325188040733337 0.37917277216911316 0.16202542185783386 0.4600418508052826 0.5777827501296997 0.8291240930557251 0.18082138895988464 0.9214391708374023 0.0 0.0 0.0 0.0 0.0 0.0 0.0 0.0 0.0 0.0 0.0 0.0 0.0 0.0 0.0 0.0 0.0 0.0 0.0 0.0
0.5207235813140869 0.37879231572151184 0.1488475501537323 0.4593142569065094 0.5652433633804321 0.8133902549743652 0.16780467331409454 0.9225665330886841 0.0 0.0 0.0 0.0 0.0 0.0 0.0 0.0 0.0 0.0 0.0 0.0 0.0 0.0 0.0 0.0 0.0 0.0 0.0 0.0
0.5125488042831421 0.37446150183677673 0.1437700241804123 0.4625556468963623 0.5550402402877808 0.8053255677223206 0.1551026701927185 0.9242657423019409 0.0 0.0 0.0 0.0 0.0 0.0 0.0 0.0 0.0 0.0 0.0 0.0 0.0 0.0 0.0 0.0 0.0 0.0 0.0 0.0
0.4752427935600281 0.36322271823883057 0.10226055234670639 0.4547191262245178 0.5164690017700195 0.8140138387680054 0.1218421682715416 0.9232372045516968 0.0 0.0 0.0 0.0 0.0 0.0 0.0 0.0 0.0 0.0 0.0 0.0 0.0 0.0 0.0 0.0 0.0 0.0 0.0 0.0
0.4737771153450012 0.3667382001876831 0.09555193036794662 0.450432151556015 0.5112029910087585 0.8185215592384338 0.11210156977176666 0.9237391948699951 0.0 0.0 0.0 0.0 0.0 0.0 0.0 0.0 0.0 0.0 0.0 0.0 0.0 0.0 0.0 0.0 0.0 0.0 0.0 0.0
0.455921471118927 0.3643924593925476 0.07685191929340363 0.4475440979003906 0.4954700469970703 0.8316780924797058 0.09822823852300644 0.9331678748130798 0.0 0.0 0.0 0.0 0.0 0.0 0.0 0.0 0.0 0.0 0.0 0.0 0.0 0.0 0.0 0.0 0.0 0.0 0.0 0.0
0.446399062871933 0.36080774664878845 0.0677514597773552 0.4417319893836975 0.4827275276184082 0.8356425166130066 0.08564622700214386 0.9331103563308716 0.0 0.0 0.0 0.0 0.0 0.0 0.0 0.0 0.0 0.0 0.0 0.0 0.0 0.0 0.0 0.0 0.0 0.0 0.0 0.0
0.4279734492301941 0.3595658540725708 0.02276884764432907 0.43443793058395386 0.4183071553707123 0.8459731936454773 0.036979589611291885 0.9300509095191956 0.0 0.0 0.0 0.0 0.0 0.0 0.0 0.0 0.0 0.0 0.0 0.0 0.0 0.0 0.0 0.0 0.0 0.0 0.0 0.0
0.4245675206184387 0.3626723885536194 0.014057760126888752 0.4321061968803406 0.38826069235801697 0.8503025770187378 0.029996240511536598 0.9300845861434937 0.0 0.0 0.0 0.0 0.0 0.0 0.0 0.0 0.0 0.0 0.0 0.0 0.0 0.0 0.0 0.0 0.0 0.0 0.0 0.0
0.41745948791503906 0.361420601606369 0.009690610691905022 0.4223564565181732 0.38252243399620056 0.8477521538734436 0.021097294986248016 0.9688311219215393 0.0 0.0 0.0 0.0 0.0 0.0 0.0 0.0 0.0 0.0 0.0 0.0 0.0 0.0 0.0 0.0 0.0 0.0 0.0 0.0
0.39907175302505493 0.36072999238967896 -0.0013265141751617193 0.4106787443161011 0.35650473833084106 0.8587494492530823 -0.016838308423757553 1.0047521591186523 0.0 0.0 0.0 0.0 0.0 0.0 0.0 0.0 0.0 0.0 0.0 0.0 0.0 0.0 0.0 0.0 0.0 0.0 0.0 0.0
0.3887920677661896 0.36160048842430115 -0.011970595456659794 0.412533700466156 0.35091203451156616 0.8714798092842102 -0.040525924414396286 1.0456128120422363 0.0 0.0 0.0 0.0 0.0 0.0 0.0 0.0 0.0 0.0 0.0 0.0 0.0 0.0 0.0 0.0 0.0 0.0 0.0 0.0
0.385454922914505 0.3562617897987366 -0.006159868557006121 0.36315202713012695 0.352500855922699 0.8711251020431519 -0.040517039597034454 0.993098795413971 0.0 0.0 0.0 0.0 0.0 0.0 0.0 0.0 0.0 0.0 0.0 0.0 0.0 0.0 0.0 0.0 0.0 0.0 0.0 0.0
0.3789531886577606 0.35203665494918823 -0.0011693509295582771 0.3565710186958313 0.3512447476387024 0.8735328912734985 -0.05294182896614075 0.9918789267539978 0.0 0.0 0.0 0.0 0.0 0.0 0.0 0.0 0.0 0.0 0.0 0.0 0.0 0.0 0.0 0.0 0.0 0.0 0.0 0.0
0.374546617269516 0.3534039556980133 -0.007555922958999872 0.3571549654006958 0.3474400043487549 0.8749170303344727 -0.06931360810995102 1.0160057544708252 0.0 0.0 0.0 0.0 0.0 0.0 0.0 0.0 0.0 0.0 0.0 0.0 0.0 0.0 0.0 0.0 0.0 0.0 0.0 0.0
0.3679080605506897 0.35430046916007996 -0.01730409264564514 0.3599277436733246 0.34241655468940735 0.8749685287475586 -0.07062650471925735 1.0124456882476807 0.0 0.0 0.0 0.0 0.0 0.0 0.0 0.0 0.0 0.0 0.0 0.0 0.0 0.0 0.0 0.0 0.0 0.0 0.0 0.0
