0.609433650970459 0.5672523975372314 0.44669222831726074 0.5908507704734802 0.7087053060531616 0.5037488341331482 0.3683883547782898 0.6913601756095886 0.560208797454834 0.4346201419830322 0.5017890334129333 0.5043994188308716 0.4989680051803589 0.5467848181724548 0.5044670701026917 0.5569627285003662 0.5142149925231934 0.5593973398208618 0.5252835750579834 0.5479637384414673 0.3510655164718628 0.5822714567184448 0.29037073254585266 0.522650957107544 0.30517715215682983 0.4790217876434326 0.32082414627075195 0.4916170835494995 0.3354327082633972 0.5010857582092285 0.34648868441581726 0.5045298933982849
0.6100927591323853 0.5653501152992249 0.4468764662742615 0.591747522354126 0.708756685256958 0.493179053068161 0.3687794506549835 0.6969109177589417 0.5592044591903687 0.42729267477989197 0.5056504011154175 0.5043642520904541 0.49916625022888184 0.5432926416397095 0.5053074955940247 0.554440975189209 0.5159072875976562 0.5584869384765625 0.5273653864860535 0.550115704536438 0.3516811430454254 0.5947558283805847 0.2901255786418915 0.5280104279518127 0.3034268915653229 0.4853508174419403 0.31964078545570374 0.5027206540107727 0.33415448665618896 0.5085850954055786 0.3452484607696533 0.5104718804359436
0.6104909777641296 0.5647786259651184 0.44709300994873047 0.5928791165351868 0.7087761759757996 0.4884938895702362 0.370574414730072 0.7007352113723755 0.5591033697128296 0.42857709527015686 0.5040677189826965 0.5053786635398865 0.5002368092536926 0.5415230393409729 0.5059141516685486 0.5529506802558899 0.5170488953590393 0.5569697618484497 0.5276821255683899 0.5481430292129517 0.345788836479187 0.587376594543457 0.2916395366191864 0.5236406922340393 0.30327433347702026 0.48820579051971436 0.319690465927124 0.5052614808082581 0.33426687121391296 0.5104690790176392 0.3458123505115509 0.5135598182678223
0.6104928851127625 0.5628681182861328 0.4468591809272766 0.5928599238395691 0.7087957262992859 0.48722657561302185 0.3712320923805237 0.7018411159515381 0.5594946146011353 0.42835915088653564 0.5016785860061646 0.5033273100852966 0.49974751472473145 0.5418930649757385 0.5058836936950684 0.553068995475769 0.5174255967140198 0.5565155148506165 0.5296309590339661 0.5471962690353394 0.3509141206741333 0.5938869714736938 0.2878952920436859 0.5316578149795532 0.3029628396034241 0.48867738246917725 0.31953296065330505 0.49548786878585815 0.3340751826763153 0.5044000148773193 0.34430909156799316 0.5092767477035522
0.6104711294174194 0.5618917942047119 0.44630223512649536 0.5909603238105774 0.7088031768798828 0.4871879518032074 0.3685692548751831 0.7016434669494629 0.5594944953918457 0.42970937490463257 0.5020849108695984 0.5053382515907288 0.5002709031105042 0.5414916276931763 0.5057507157325745 0.5526135563850403 0.5172024369239807 0.5557752251625061 0.5284996032714844 0.5487303137779236 0.34225085377693176 0.5846654176712036 0.2844402492046356 0.5349991321563721 0.3016631007194519 0.4890556335449219 0.31947559118270874 0.5018709897994995 0.3332259953022003 0.5061123967170715 0.3441416621208191 0.5099876523017883
0.6104183197021484 0.5560939908027649 0.4468192458152771 0.5864678621292114 0.7097386717796326 0.4879929721355438 0.36788949370384216 0.6844889521598816 0.5578203201293945 0.43510252237319946 0.5038759112358093 0.5093240141868591 0.49929532408714294 0.5471947193145752 0.5051820278167725 0.5554304718971252 0.5150877833366394 0.5587554574012756 0.523764967918396 0.5559915900230408 0.3485109508037567 0.5944294929504395 0.2907078266143799 0.5293166041374207 0.3012373149394989 0.49077674746513367 0.31821209192276 0.5011876225471497 0.33305782079696655 0.5127453804016113 0.34298697113990784 0.5134735703468323
0.6104314923286438 0.5550930500030518 0.44682177901268005 0.5858745574951172 0.710163414478302 0.48850539326667786 0.366177499294281 0.6720135807991028 0.5581493377685547 0.4355655014514923 0.502416729927063 0.5109134316444397 0.4965926706790924 0.5548456907272339 0.5021439790725708 0.5655553340911865 0.5120940208435059 0.5682700872421265 0.5218930840492249 0.5617738962173462 0.3422219157218933 0.5853609442710876 0.28996163606643677 0.5276609063148499 0.30222633481025696 0.4905335009098053 0.3173868656158447 0.50185626745224 0.3315381705760956 0.5109456181526184 0.34201666712760925 0.5111152529716492
0.6103883981704712 0.5548975467681885 0.446449339389801 0.584331214427948 0.7106438875198364 0.48797839879989624 0.363864541053772 0.6642650961875916 0.5567715167999268 0.4356990158557892 0.4977884292602539 0.5091535449028015 0.49641621112823486 0.5532083511352539 0.5030777454376221 0.5616506338119507 0.5130200982093811 0.5645477771759033 0.522493839263916 0.5600125789642334 0.33091238141059875 0.5720272660255432 0.29251980781555176 0.5171865820884705 0.3002132177352905 0.4939940273761749 0.3148322105407715 0.5037187337875366 0.32802629470825195 0.5061219334602356 0.33965325355529785 0.5070363283157349
0.610289454460144 0.5536186099052429 0.4464859962463379 0.5827116370201111 0.7109502553939819 0.4881441295146942 0.3591826260089874 0.6429045796394348 0.5567383766174316 0.43907973170280457 0.4997096061706543 0.5078125 0.4976644814014435 0.5497117042541504 0.5038232207298279 0.5592135190963745 0.5131232738494873 0.5638629794120789 0.521813690662384 0.5611869096755981 0.30561527609825134 0.5486739873886108 0.2966483533382416 0.5146260261535645 0.30634012818336487 0.5112127661705017 0.30984702706336975 0.5030251145362854 0.3100559115409851 0.4938865900039673 0.3082829713821411 0.490592896938324
0.6087955236434937 0.5537167191505432 0.444779634475708 0.5805331468582153 0.7109359502792358 0.48872777819633484 0.35262754559516907 0.6125357747077942 0.5551006197929382 0.44169458746910095 0.4985373318195343 0.5131345987319946 0.49595704674720764 0.5571892261505127 0.5033911466598511 0.5660855174064636 0.5128226280212402 0.5703460574150085 0.5215307474136353 0.5645337104797363 0.0 0.0 0.0 0.0 0.0 0.0 0.0 0.0 0.0 0.0
0.6085222959518433 0.5542672276496887 0.4442569613456726 0.5803725123405457 0.7112535238265991 0.48863673210144043 0.34913575649261475 0.6130150556564331 0.5549262166023254 0.44343358278274536 0.49700090289115906 0.5128765106201172 0.4958946406841278 0.5563479661941528 0.5022720694541931 0.569869339466095 0.5121199488639832 0.5723710060119629 0.5213476419448853 0.5661020278930664 0.0 0.0 0.0 0.0 0.0 0.0 0.0 0.0 0.0 0.0
0.608478307723999 0.5543238520622253 0.44402986764907837 0.5804122686386108 0.7115941643714905 0.4888131022453308 0.3484806418418884 0.6207356452941895 0.5549854040145874 0.44342362880706787 0.49741291999816895 0.5106221437454224 0.49607008695602417 0.5531691312789917 0.5031067132949829 0.5671907067298889 0.5121569037437439 0.5694117546081543 0.5205482244491577 0.5633471608161926 0.0 0.0 0.0 0.0 0.0 0.0 0.0 0.0 0.0 0.0
0.6084672212600708 0.5547898411750793 0.44384366273880005 0.5804460048675537 0.7119960784912109 0.4887632131576538 0.34688884019851685 0.6186333298683167 0.5539013147354126 0.4425332546234131 0.4981078803539276 0.5119108557701111 0.4954095184803009 0.5495341420173645 0.5024256110191345 0.5606427788734436 0.5132186412811279 0.5606734752655029 0.5238822102546692 0.553969144821167 0.30468690395355225 0.5684329867362976 0.3057385981082916 0.4905362129211426 0.30557143688201904 0.487253874540329 0.3016372323036194 0.4884527623653412 0.299266517162323 0.49145442247390747 0.29630905389785767 0.49616819620132446
0.6083880662918091 0.5549309253692627 0.4436854422092438 0.5802848935127258 0.7121290564537048 0.48896318674087524 0.3440077006816864 0.6046498417854309 0.5527583956718445 0.44709527492523193 0.4939744174480438 0.514258086681366 0.4922855496406555 0.5573810935020447 0.4997074007987976 0.5683992505073547 0.5097216963768005 0.5713167190551758 0.5190714597702026 0.5626201629638672 0.30893588066101074 0.5583232641220093 0.2983982563018799 0.4969712495803833 0.3007468283176422 0.49619460105895996 0.3080909252166748 0.4951900243759155 0.3123982548713684 0.4927624464035034 0.3171347975730896 0.4922315180301666
0.608391523361206 0.5549572706222534 0.44369640946388245 0.5802507400512695 0.712457537651062 0.48911282420158386 0.3426859974861145 0.6070648431777954 0.5540543794631958 0.4472290277481079 0.49263203144073486 0.5173588991165161 0.4935229420661926 0.5623781085014343 0.5006000399589539 0.5731033682823181 0.5100405812263489 0.5755709409713745 0.5196168422698975 0.5633516311645508 0.30278080701828003 0.5693743824958801 0.3062182664871216 0.49619609117507935 0.29960450530052185 0.49173304438591003 0.296733558177948 0.49339836835861206 0.2938253879547119 0.4969968795776367 0.28907421231269836 0.5025666356086731
0.6083834171295166 0.5550185441970825 0.4435402750968933 0.580527126789093 0.7127803564071655 0.48920539021492004 0.3437822759151459 0.6095805764198303 0.5523861646652222 0.4485427141189575 0.4948740303516388 0.521561324596405 0.4937290847301483 0.5618264675140381 0.5003873705863953 0.5717800259590149 0.5094386339187622 0.5753160715103149 0.5180503726005554 0.5671678185462952 0.30191758275032043 0.5557392239570618 0.3023741841316223 0.4954995810985565 0.30365967750549316 0.4999599754810333 0.309594064950943 0.4955454468727112 0.3102315366268158 0.4930212199687958 0.307784765958786 0.4947344958782196
0.6078093647956848 0.5536801815032959 0.4433259069919586 0.57835453748703 0.7131175994873047 0.4952560067176819 0.34445762634277344 0.6166872382164001 0.5540497303009033 0.4527401626110077 0.4990212619304657 0.5282176733016968 0.49443307518959045 0.5711396932601929 0.5033714771270752 0.5811983346939087 0.5118080973625183 0.5851438641548157 0.5187859535217285 0.5762679576873779 0.30246832966804504 0.5730211734771729 0.302906334400177 0.4995555877685547 0.29598885774612427 0.4939677119255066 0.2934141159057617 0.5016311407089233 0.2894259989261627 0.5094255208969116 0.28376078605651855 0.5204591751098633
0.6074793338775635 0.5535191893577576 0.443328857421875 0.5780282020568848 0.7145811915397644 0.5025333166122437 0.34665530920028687 0.6297049522399902 0.5565096735954285 0.4559590220451355 0.5024571418762207 0.532382071018219 0.4968548119068146 0.5785554051399231 0.5054367184638977 0.5892971158027649 0.5146222114562988 0.5890281796455383 0.5231883525848389 0.5751076936721802 0.30392858386039734 0.5720600485801697 0.3050568699836731 0.5052715539932251 0.3034849464893341 0.49526822566986084 0.29913169145584106 0.4968315362930298 0.29361510276794434 0.4984535574913025 0.2887739837169647 0.511766791343689
0.6069774627685547 0.5536887645721436 0.4412829875946045 0.576478898525238 0.717499315738678 0.5107488632202148 0.34691980481147766 0.6298771500587463 0.5599754452705383 0.4634561538696289 0.5062830448150635 0.541377604007721 0.5034038424491882 0.5829309821128845 0.5105621218681335 0.5910347104072571 0.5188883543014526 0.5900164246559143 0.5308878421783447 0.5662354826927185 0.29754891991615295 0.5752230882644653 0.2995387017726898 0.5089950561523438 0.29419511556625366 0.4958023130893707 0.2925662100315094 0.49817192554473877 0.2905312776565552 0.5028617978096008 0.28863370418548584 0.5085994601249695
0.6069791913032532 0.5562441945075989 0.4404764771461487 0.5766312479972839 0.7197407484054565 0.5169290900230408 0.35326892137527466 0.6498982310295105 0.5649146437644958 0.47238028049468994 0.5135446786880493 0.5520573854446411 0.5080703496932983 0.5925620794296265 0.5144085884094238 0.5980353951454163 0.524159848690033 0.5967611074447632 0.5354638695716858 0.5785757899284363 0.2864956557750702 0.5637552738189697 0.32244816422462463 0.49353981018066406 0.31800365447998047 0.4935092031955719 0.30718332529067993 0.5025669932365417 0.2960859537124634 0.4987925887107849 0.28986406326293945 0.5011178851127625
0.6085880994796753 0.5631147027015686 0.43977540731430054 0.5768537521362305 0.7298558354377747 0.5433793663978577 0.35386234521865845 0.673841655254364 0.5879379510879517 0.5064526200294495 0.5399625897407532 0.6006952524185181 0.5383111238479614 0.6349863409996033 0.546381413936615 0.6381094455718994 0.5544673800468445 0.6294916272163391 0.568280816078186 0.6051942706108093 0.2903289198875427 0.5630233883857727 0.31933292746543884 0.482113778591156 0.3161301612854004 0.49233919382095337 0.3072265088558197 0.4950229525566101 0.29483669996261597 0.5019240379333496 0.2874125838279724 0.5092973113059998
0.6090508699417114 0.5723898410797119 0.43745818734169006 0.5770662426948547 0.7345068454742432 0.562064528465271 0.341336190700531 0.5973926782608032 0.6020535230636597 0.5244618058204651 0.5540810227394104 0.6134250164031982 0.5562018752098083 0.6087484955787659 0.564003050327301 0.6064593195915222 0.5748253464698792 0.6051679253578186 0.5843980312347412 0.5952447652816772 0.2909241020679474 0.5473293662071228 0.3170359432697296 0.4829678535461426 0.3290646970272064 0.5173125267028809 0.3091033399105072 0.4930616021156311 0.2985316812992096 0.5001376867294312 0.2868700325489044 0.5051087737083435
0.6091455221176147 0.5749934911727905 0.434187650680542 0.5772920250892639 0.7383237481117249 0.5731861591339111 0.3418559432029724 0.6422055959701538 0.6137915849685669 0.531505286693573 0.5593850016593933 0.6245490908622742 0.5663914680480957 0.6373789310455322 0.5746873021125793 0.645409882068634 0.584969699382782 0.6400290727615356 0.5984418988227844 0.6179215908050537 0.29364651441574097 0.5542244911193848 0.31672734022140503 0.49424493312835693 0.3195177912712097 0.4917745888233185 0.30927565693855286 0.49040889739990234 0.2966791093349457 0.4971999526023865 0.28340205550193787 0.5078858137130737
0.6086032390594482 0.576919436454773 0.4336163401603699 0.5787020921707153 0.7427171468734741 0.5763109922409058 0.34247273206710815 0.6665167212486267 0.6252554655075073 0.538159966468811 0.5754527449607849 0.6242545247077942 0.5697591304779053 0.6646407246589661 0.5798501372337341 0.6733263731002808 0.5907822251319885 0.6712067723274231 0.6023368835449219 0.64897221326828 0.3211938142776489 0.5833930969238281 0.28347593545913696 0.5136668682098389 0.2898414433002472 0.4963597357273102 0.3051453232765198 0.4936806857585907 0.3126847743988037 0.484441876411438 0.3225278854370117 0.4896441102027893
0.6086142063140869 0.5775799751281738 0.4324578642845154 0.57822585105896 0.7473645806312561 0.5796931982040405 0.3420999348163605 0.6648858189582825 0.6224806308746338 0.5338464975357056 0.5659101009368896 0.6271556615829468 0.565630316734314 0.6606533527374268 0.576927900314331 0.6749253869056702 0.5866532921791077 0.6747957468032837 0.5957903861999512 0.6583448052406311 0.3086068332195282 0.564537525177002 0.27437824010849 0.531615138053894 0.29060155153274536 0.4992716312408447 0.3014601469039917 0.48614758253097534 0.3078506290912628 0.4792986214160919 0.31880345940589905 0.48500603437423706
0.6084738373756409 0.5770459771156311 0.43229222297668457 0.5783129334449768 0.74729984998703 0.5774130821228027 0.34225979447364807 0.6663292646408081 0.616594672203064 0.5256680846214294 0.5566715598106384 0.6219696402549744 0.5621411204338074 0.6507952213287354 0.5727721452713013 0.6643179059028625 0.579943835735321 0.6611406207084656 0.5871297717094421 0.6434496641159058 0.0 0.0 0.0 0.0 0.0 0.0 0.0 0.0 0.0 0.0
0.6087362170219421 0.5768280625343323 0.4327017366886139 0.5783230662345886 0.7451261281967163 0.5785692930221558 0.3523221015930176 0.6645054817199707 0.6098716855049133 0.5170813798904419 0.5514557957649231 0.6133453845977783 0.5546230673789978 0.6420008540153503 0.56361985206604 0.6526944637298584 0.5711355805397034 0.6539626121520996 0.5781187415122986 0.6385950446128845 0.31395578384399414 0.5683187246322632 0.2839079797267914 0.5174646973609924 0.290781170129776 0.4911758303642273 0.3038906157016754 0.4777149558067322 0.3118595778942108 0.4687567949295044 0.3249218761920929 0.4851083755493164
0.6088937520980835 0.5734950304031372 0.4333668649196625 0.5779290199279785 0.7439501285552979 0.576758086681366 0.3925889730453491 0.742030680179596 0.60408616065979 0.5056451559066772 0.5465905070304871 0.5976970195770264 0.5481487512588501 0.6328839063644409 0.5580077171325684 0.6479817032814026 0.5654761791229248 0.6473730802536011 0.5721170902252197 0.6267974376678467 0.3286091089248657 0.5865976810455322 0.2775995433330536 0.5328136682510376 0.2882230877876282 0.49369922280311584 0.30135783553123474 0.48115766048431396 0.3099628984928131 0.47078460454940796 0.32807570695877075 0.48993051052093506
0.6089226007461548 0.5720112919807434 0.433429092168808 0.578429102897644 0.7353891730308533 0.5611021518707275 0.4028119444847107 0.7649536728858948 0.5804668664932251 0.4675537049770355 0.5222054123878479 0.5474258661270142 0.521181583404541 0.5455413460731506 0.528143584728241 0.5434378385543823 0.5395609736442566 0.5399787425994873 0.5504645705223083 0.5367051959037781 0.33520179986953735 0.5870609283447266 0.286266565322876 0.5307949185371399 0.2914671301841736 0.4865633547306061 0.3053385615348816 0.47386062145233154 0.3126290738582611 0.4643334150314331 0.3295907974243164 0.47838062047958374
0.6075194478034973 0.5709609389305115 0.43283820152282715 0.578658938407898 0.7261289358139038 0.5499940514564514 0.40084320306777954 0.7582451701164246 0.5683333873748779 0.46108895540237427 0.5118901133537292 0.5326546430587769 0.5097350478172302 0.5465385913848877 0.5166502594947815 0.5443159937858582 0.5285613536834717 0.5355327129364014 0.5383321046829224 0.5277989506721497 0.3424986004829407 0.5933070182800293 0.2845601439476013 0.5291129946708679 0.2927004396915436 0.4860629439353943 0.30708789825439453 0.4760597050189972 0.31504130363464355 0.46425098180770874 0.3294512927532196 0.47843313217163086
0.6061555743217468 0.5701912641525269 0.4329519271850586 0.5832324028015137 0.7213013768196106 0.5371372103691101 0.3794671297073364 0.7477659583091736 0.5613000392913818 0.4590727388858795 0.5006440877914429 0.5352411270141602 0.49271848797798157 0.5598099827766418 0.5044258236885071 0.5702555179595947 0.5132228136062622 0.5723844170570374 0.5237813591957092 0.5612937211990356 0.34548842906951904 0.598968505859375 0.2862778604030609 0.5312107801437378 0.2939211428165436 0.4850344657897949 0.3085291385650635 0.472444623708725 0.3164435923099518 0.46448761224746704 0.3307575583457947 0.47860920429229736
0.6058834195137024 0.5701000094413757 0.43290185928344727 0.5837923288345337 0.7212148904800415 0.5373103618621826 0.36818698048591614 0.7180882692337036 0.5647400617599487 0.4673493802547455 0.506203293800354 0.5350863933563232 0.5012246370315552 0.5722336173057556 0.5097351670265198 0.5829112529754639 0.5175917148590088 0.582926332950592 0.5287424921989441 0.5677838921546936 0.33934286236763 0.5829418301582336 0.290611207485199 0.5265886783599854 0.2928725779056549 0.4853379726409912 0.3086682856082916 0.4743545651435852 0.31580615043640137 0.4633238613605499 0.32943353056907654 0.48173755407333374
0.6051025986671448 0.5694440603256226 0.4327704906463623 0.5848503708839417 0.7217833995819092 0.5391280055046082 0.36480024456977844 0.707009494304657 0.5703012347221375 0.47508853673934937 0.5153065919876099 0.549212634563446 0.5101351737976074 0.5855191946029663 0.5168783664703369 0.5932195782661438 0.5244795680046082 0.5933707356452942 0.5347096920013428 0.5774994492530823 0.3432106077671051 0.5949861407279968 0.2865663766860962 0.5264415144920349 0.29245123267173767 0.48384159803390503 0.3066456913948059 0.47324225306510925 0.3147290349006653 0.46462130546569824 0.33221396803855896 0.4770025908946991
0.6050962209701538 0.5692647099494934 0.43278273940086365 0.5848060250282288 0.7221490144729614 0.5475784540176392 0.3602481484413147 0.6997777819633484 0.5778033137321472 0.48598095774650574 0.5213709473609924 0.55988609790802 0.5164759159088135 0.5925388336181641 0.5235903859138489 0.6012486815452576 0.531650185585022 0.6030630469322205 0.5437046885490417 0.5881235599517822 0.3312922418117523 0.580064594745636 0.28418663144111633 0.5195072889328003 0.29234224557876587 0.48435258865356445 0.30606532096862793 0.47215521335601807 0.31354278326034546 0.4621484577655792 0.3292492628097534 0.4772598147392273
0.605129599571228 0.5685617327690125 0.4329022765159607 0.5835838913917542 0.7238426208496094 0.5590177178382874 0.3597205877304077 0.6815147995948792 0.5851204991340637 0.4972276985645294 0.527018666267395 0.5699363946914673 0.5220186710357666 0.6011589765548706 0.5298764705657959 0.6128543019294739 0.5377165079116821 0.616439163684845 0.5491891503334045 0.6036214232444763 0.33144697546958923 0.5757169723510742 0.2842549979686737 0.5174687504768372 0.2904594838619232 0.48592841625213623 0.3053695559501648 0.47413453459739685 0.3134209215641022 0.46318885684013367 0.3280205726623535 0.4805733561515808
0.608373761177063 0.5723937749862671 0.4323410391807556 0.5847184658050537 0.7380045652389526 0.5850287675857544 0.3543650209903717 0.6820015907287598 0.6179138422012329 0.5384781956672668 0.5669863820075989 0.622204065322876 0.5610974431037903 0.6558237671852112 0.5695075988769531 0.6658996939659119 0.5805525779724121 0.667136549949646 0.5945281982421875 0.6475684642791748 0.3249613046646118 0.5689700245857239 0.28386300802230835 0.5153045058250427 0.2902700901031494 0.4836360216140747 0.30273547768592834 0.471115380525589 0.31047022342681885 0.46412673592567444 0.3257419466972351 0.47902488708496094
0.6078870892524719 0.5739560723304749 0.43222999572753906 0.5846534967422485 0.7475386261940002 0.5963534712791443 0.34474772214889526 0.6823846101760864 0.6297345161437988 0.5503604412078857 0.5782617926597595 0.639772891998291 0.5721432566642761 0.6719828844070435 0.5852046608924866 0.6807576417922974 0.595221996307373 0.6730244755744934 0.6109007596969604 0.6393381357192993 0.33266136050224304 0.5839711427688599 0.28124305605888367 0.5271371603012085 0.2874241769313812 0.4842659831047058 0.3024495244026184 0.4710491895675659 0.31043514609336853 0.46266230940818787 0.32784122228622437 0.4846476912498474
0.6054585576057434 0.5737864971160889 0.43197211623191833 0.5836520195007324 0.7507325410842896 0.6013817191123962 0.3434053361415863 0.6883136630058289 0.6371549963951111 0.5555015206336975 0.5840190649032593 0.6351268887519836 0.5757219791412354 0.675789475440979 0.5869794487953186 0.6885807514190674 0.6004781126976013 0.6890081763267517 0.6106588840484619 0.6811630725860596 0.3205544650554657 0.5720677375793457 0.28634124994277954 0.5095110535621643 0.2886938154697418 0.48137539625167847 0.30020320415496826 0.46851104497909546 0.30931174755096436 0.46237173676490784 0.3233906626701355 0.481642484664917
0.6067444086074829 0.5756860375404358 0.4332656264305115 0.585205614566803 0.7482210397720337 0.5980240702629089 0.3438205420970917 0.6678686141967773 0.6111501455307007 0.5241385698318481 0.5490063428878784 0.6204125285148621 0.5570260286331177 0.6504544615745544 0.5660637617111206 0.6593478322029114 0.5731343030929565 0.6605455279350281 0.5800560116767883 0.6467992067337036 0.30101460218429565 0.5308213233947754 0.3134470283985138 0.46842139959335327 0.3106686472892761 0.4743741452693939 0.30392369627952576 0.4729054272174835 0.29519662261009216 0.4780711531639099 0.2870733439922333 0.4882964789867401
0.6081827282905579 0.5754754543304443 0.4364943504333496 0.5862767100334167 0.7480729818344116 0.5953503251075745 0.3450983762741089 0.6618744730949402 0.6063737273216248 0.5107957124710083 0.5450707674026489 0.5916584134101868 0.5457795262336731 0.6272541284561157 0.5545468330383301 0.6405450105667114 0.5623393058776855 0.640834391117096 0.570759654045105 0.6225699186325073 0.3041508197784424 0.5305420756340027 0.3049081265926361 0.478646457195282 0.3031892776489258 0.4865334630012512 0.3085840344429016 0.47118327021598816 0.31207275390625 0.4643995761871338 0.3199850618839264 0.47018420696258545
0.6082153916358948 0.5752909183502197 0.4364282488822937 0.5852228999137878 0.7475078701972961 0.5940633416175842 0.351940780878067 0.6628344655036926 0.599817156791687 0.49638673663139343 0.542625367641449 0.576431393623352 0.5382440686225891 0.6142911911010742 0.5488677620887756 0.6285680532455444 0.5563270449638367 0.6291848421096802 0.5651659369468689 0.6088020205497742 0.0 0.0 0.0 0.0 0.0 0.0 0.0 0.0 0.0 0.0
0.6080058813095093 0.5710055232048035 0.43638840317726135 0.5801068544387817 0.742527425289154 0.5929874181747437 0.35705310106277466 0.6645171046257019 0.5918269753456116 0.4856964945793152 0.5331318974494934 0.5627527832984924 0.5307047367095947 0.5995265245437622 0.5401291847229004 0.6093453764915466 0.5472772717475891 0.6105362176895142 0.5553834438323975 0.5938974022865295 0.3107650876045227 0.5244292616844177 0.3127090632915497 0.4810832738876343 0.30886662006378174 0.4849148988723755 0.31002238392829895 0.47098463773727417 0.3169439733028412 0.46570828557014465 0.33260565996170044 0.47544020414352417
0.6063212752342224 0.5644564032554626 0.43635645508766174 0.5813732743263245 0.7202855944633484 0.562185525894165 0.4062366485595703 0.7515021562576294 0.5700926780700684 0.4467941224575043 0.5039979219436646 0.5280976295471191 0.5025110244750977 0.5514310598373413 0.508055567741394 0.5503136515617371 0.5201538801193237 0.5447986125946045 0.5322656035423279 0.5323381423950195 0.3352406919002533 0.5672785043716431 0.2839001417160034 0.5246489644050598 0.30092617869377136 0.4755389094352722 0.3146129250526428 0.4663454592227936 0.323810338973999 0.45932936668395996 0.3388127386569977 0.4773881435394287
0.6049949526786804 0.5608470439910889 0.43665608763694763 0.5823377370834351 0.7146583199501038 0.546546995639801 0.42312249541282654 0.800821840763092 0.5637495517730713 0.4486370086669922 0.5018481016159058 0.5158483386039734 0.487168550491333 0.5348491668701172 0.49646463990211487 0.5524173974990845 0.5077129006385803 0.5491626262664795 0.5200957655906677 0.5279161930084229 0.34688156843185425 0.5766341686248779 0.2971039414405823 0.5128198266029358 0.3019745945930481 0.47586196660995483 0.3150586485862732 0.4638199508190155 0.32343146204948425 0.4568204879760742 0.34004873037338257 0.47179001569747925
0.6040756702423096 0.557196319103241 0.43741780519485474 0.5827248692512512 0.7131572961807251 0.5403871536254883 0.42284291982650757 0.7919235229492188 0.56143718957901 0.44652271270751953 0.507540762424469 0.5229871869087219 0.4911055266857147 0.5378196835517883 0.49754855036735535 0.5498966574668884 0.5070877075195312 0.5490057468414307 0.520564079284668 0.5336003303527832 0.3515487611293793 0.5820924043655396 0.29994603991508484 0.5136604905128479 0.30301758646965027 0.4744442403316498 0.3179607689380646 0.46631672978401184 0.3255040645599365 0.4593236744403839 0.34005314111709595 0.47012555599212646
0.6037704348564148 0.55550217628479 0.437470018863678 0.5845693349838257 0.7127970457077026 0.5416917204856873 0.4262925982475281 0.8073349595069885 0.5630468726158142 0.44998258352279663 0.5065380334854126 0.5257115364074707 0.49696677923202515 0.5470544099807739 0.5042794942855835 0.5503106713294983 0.5151302814483643 0.5471835732460022 0.531634509563446 0.5291870832443237 0.35371845960617065 0.5854109525680542 0.2992924451828003 0.5132228136062622 0.30307838320732117 0.4737239181995392 0.31809818744659424 0.46678102016448975 0.3275386393070221 0.4592571258544922 0.3395748734474182 0.46677592396736145
0.6040520668029785 0.5586565136909485 0.4373342990875244 0.5820603966712952 0.7195926904678345 0.5590381026268005 0.42543524503707886 0.7350110411643982 0.5805727243423462 0.479952871799469 0.5242781043052673 0.5563637018203735 0.5201269388198853 0.5942546129226685 0.528635561466217 0.5988355278968811 0.5361305475234985 0.5996987223625183 0.5470707416534424 0.5907080173492432 0.3510386049747467 0.5856970548629761 0.29344674944877625 0.5133718252182007 0.29696810245513916 0.4733019471168518 0.31200385093688965 0.46318700909614563 0.3222144842147827 0.45673343539237976 0.33615750074386597 0.46502745151519775
0.6043646931648254 0.5602589249610901 0.43668419122695923 0.5809324979782104 0.726169228553772 0.5738691687583923 0.38717883825302124 0.6785638332366943 0.591584324836731 0.4960492253303528 0.531586229801178 0.5719760060310364 0.5243074893951416 0.5958806872367859 0.533593475818634 0.6017731428146362 0.5458705425262451 0.5989274382591248 0.5628946423530579 0.5732226967811584 0.3467802405357361 0.5778636932373047 0.2918127179145813 0.5121668577194214 0.2984623312950134 0.47572463750839233 0.3115130364894867 0.46632808446884155 0.322591632604599 0.45747271180152893 0.3363398015499115 0.4685448706150055
0.6056708097457886 0.5653660893440247 0.43659868836402893 0.5806803107261658 0.7328829169273376 0.5855882167816162 0.3679729402065277 0.6644576191902161 0.6016652584075928 0.5056256651878357 0.5453479886054993 0.5784813761711121 0.5379579067230225 0.6147240996360779 0.5445305705070496 0.6216241121292114 0.552944540977478 0.6259442567825317 0.5646727681159973 0.6177428364753723 0.3445131778717041 0.5722997188568115 0.28786686062812805 0.5148768424987793 0.29892852902412415 0.4735197126865387 0.3106830418109894 0.46469610929489136 0.32152459025382996 0.45772024989128113 0.33585092425346375 0.46665433049201965
0.6054078340530396 0.5690541863441467 0.43480437994003296 0.5804823637008667 0.7464979887008667 0.600612223148346 0.34930112957954407 0.6701057553291321 0.6315121650695801 0.5485132932662964 0.5786929726600647 0.6268478035926819 0.5718105435371399 0.6685371398925781 0.5826055407524109 0.6782281398773193 0.5950831770896912 0.6805763244628906 0.6047263145446777 0.6723625659942627 0.30549564957618713 0.5144568085670471 0.322783499956131 0.47603094577789307 0.33140528202056885 0.4786931872367859 0.3166322410106659 0.45920681953430176 0.3079488277435303 0.4642573297023773 0.29744046926498413 0.47274407744407654
0.606261134147644 0.5700048208236694 0.43439674377441406 0.5806331038475037 0.7482561469078064 0.6063739061355591 0.34778934717178345 0.6786166429519653 0.6291425228118896 0.5443796515464783 0.5753923058509827 0.625503659248352 0.5705971121788025 0.666721522808075 0.5810880064964294 0.6762256622314453 0.5911517143249512 0.6710047721862793 0.6026884913444519 0.6455132365226746 0.3232165575027466 0.5562680959701538 0.29319629073143005 0.4967080056667328 0.2928987741470337 0.4781934320926666 0.30451500415802 0.465994268655777 0.3148873448371887 0.4590965807437897 0.3304750919342041 0.4747779369354248
0.6069470047950745 0.5728444457054138 0.4340323805809021 0.581491231918335 0.7486172914505005 0.6059999465942383 0.35067835450172424 0.6762562990188599 0.6222354173660278 0.5341171622276306 0.5630335807800293 0.6285216808319092 0.5680124163627625 0.6595073342323303 0.5776944160461426 0.6719643473625183 0.5859581232070923 0.6688085794448853 0.5955966711044312 0.6461198925971985 0.3293900787830353 0.5623601675033569 0.2920827567577362 0.500068187713623 0.2919844388961792 0.4774613380432129 0.3063178062438965 0.46463146805763245 0.3151792287826538 0.46064823865890503 0.3305445611476898 0.4708424210548401
0.6073578596115112 0.5692598819732666 0.4343279302120209 0.5800502300262451 0.7443572282791138 0.6033223271369934 0.3855534493923187 0.6963601112365723 0.5940499305725098 0.4867631793022156 0.5352723002433777 0.5708867907524109 0.5329763889312744 0.6046584248542786 0.5412035584449768 0.6118278503417969 0.5501076579093933 0.6113244891166687 0.559956431388855 0.5952386856079102 0.3400639295578003 0.565886378288269 0.29570257663726807 0.5101373195648193 0.29972362518310547 0.476742684841156 0.31470879912376404 0.464618057012558 0.32425162196159363 0.46167460083961487 0.3394969403743744 0.4743693172931671
0.6072940826416016 0.5673473477363586 0.4343568682670593 0.5791261792182922 0.7391170263290405 0.6009429693222046 0.4160345494747162 0.776724100112915 0.5868128538131714 0.47891315817832947 0.5317755937576294 0.5598899126052856 0.5277314186096191 0.597743570804596 0.5367006063461304 0.6061298251152039 0.5434617400169373 0.6050896048545837 0.5514608025550842 0.5897932648658752 0.3464673161506653 0.5753481388092041 0.29564711451530457 0.5123453736305237 0.3005780875682831 0.4743152856826782 0.3143061697483063 0.4626580476760864 0.3236743211746216 0.45729169249534607 0.33857327699661255 0.4666886627674103
0.6051794290542603 0.5637592673301697 0.4343299865722656 0.5800310969352722 0.7190848588943481 0.5657936930656433 0.425372838973999 0.8047600388526917 0.5676621794700623 0.4578365683555603 0.5018308162689209 0.533720850944519 0.49487146735191345 0.554028332233429 0.5004891157150269 0.5656951069831848 0.5107212662696838 0.563405454158783 0.5237872004508972 0.5468016266822815 0.35227587819099426 0.5820540189743042 0.29440200328826904 0.5140398740768433 0.30165761709213257 0.4740276038646698 0.31667035818099976 0.46702420711517334 0.3253840506076813 0.4588668644428253 0.3402464687824249 0.4655071794986725
0.6033490300178528 0.5599591135978699 0.43458375334739685 0.5815050601959229 0.7139850854873657 0.5510066747665405 0.42256149649620056 0.7881370782852173 0.5576898455619812 0.4530298113822937 0.48983755707740784 0.5076993107795715 0.4880383610725403 0.5387282371520996 0.4964849650859833 0.5478708744049072 0.5066090822219849 0.5493729114532471 0.5155166983604431 0.5375156402587891 0.35435977578163147 0.5850963592529297 0.2920635938644409 0.515527069568634 0.3034227788448334 0.47397664189338684 0.31788331270217896 0.46804508566856384 0.32831984758377075 0.4595496356487274 0.34063470363616943 0.46562787890434265
0.6027743816375732 0.5584035515785217 0.4346308708190918 0.5836788415908813 0.7126845121383667 0.5474435091018677 0.4269968867301941 0.8112786412239075 0.5592635869979858 0.45422059297561646 0.5014835596084595 0.5214484333992004 0.48875173926353455 0.5448342561721802 0.49831122159957886 0.5587051510810852 0.5093053579330444 0.5553631782531738 0.5287302136421204 0.5312796235084534 0.35510534048080444 0.5878165364265442 0.29470667243003845 0.5135778784751892 0.3034828305244446 0.4747067391872406 0.3175513744354248 0.46660518646240234 0.3275344967842102 0.45862478017807007 0.34080570936203003 0.4641435742378235
0.6028277277946472 0.5585031509399414 0.43464940786361694 0.5802441835403442 0.7142528295516968 0.5609957575798035 0.39380958676338196 0.6923812031745911 0.5775811076164246 0.48452335596084595 0.5209079384803772 0.5594136714935303 0.5177114605903625 0.5927280187606812 0.5260891914367676 0.5957208871841431 0.533752977848053 0.5947211980819702 0.5468874573707581 0.576158881187439 0.34788018465042114 0.5785858631134033 0.2903202772140503 0.5178271532058716 0.29607442021369934 0.474608838558197 0.31144607067108154 0.47192931175231934 0.3223709762096405 0.4631801247596741 0.33580824732780457 0.47127389907836914
0.6032413840293884 0.5587233901023865 0.4345148503780365 0.5801736116409302 0.7193065285682678 0.5741522312164307 0.38755446672439575 0.690305769443512 0.5868813991546631 0.5013799667358398 0.5248522758483887 0.5703154802322388 0.4778427481651306 0.5132223963737488 0.5265680551528931 0.6084423065185547 0.5358637571334839 0.6154291033744812 0.5486412048339844 0.6034714579582214 0.3482680320739746 0.5841324329376221 0.28812360763549805 0.5157462358474731 0.29644539952278137 0.4755493402481079 0.3116736114025116 0.46954870223999023 0.3214513063430786 0.46035391092300415 0.3356044888496399 0.46652790904045105
0.604300856590271 0.5600736141204834 0.43453478813171387 0.5792997479438782 0.7249234914779663 0.5821279883384705 0.3748668134212494 0.6678788661956787 0.5951332449913025 0.5068514943122864 0.5329100489616394 0.5822002291679382 0.5287566184997559 0.61788010597229 0.5362340807914734 0.6273351907730103 0.5451132655143738 0.6278372406959534 0.5579453706741333 0.60614013671875 0.3433498740196228 0.5747731924057007 0.2896435856819153 0.511748194694519 0.2956697642803192 0.4736997187137604 0.30942821502685547 0.4660397469997406 0.3207065165042877 0.45980849862098694 0.3350827097892761 0.4681268632411957
0.6051502227783203 0.5649512410163879 0.43457597494125366 0.5803627967834473 0.7402065992355347 0.5932849645614624 0.35974249243736267 0.6817705631256104 0.6160489320755005 0.5338549613952637 0.565385639667511 0.6188135743141174 0.5583873391151428 0.6585418581962585 0.5703263282775879 0.6673686504364014 0.5801783204078674 0.6630067825317383 0.5949874520301819 0.6360504031181335 0.3420913517475128 0.5741749405860901 0.2891504466533661 0.5129212737083435 0.29643794894218445 0.47401702404022217 0.3090156614780426 0.46656104922294617 0.31972822546958923 0.4617260992527008 0.33315715193748474 0.4721280038356781
0.6057320237159729 0.5671399831771851 0.43457889556884766 0.5803748369216919 0.7444456815719604 0.5998010039329529 0.39022108912467957 0.7485305666923523 0.6244925260543823 0.5401508808135986 0.5672962665557861 0.6164653301239014 0.5586433410644531 0.6584518551826477 0.5691176056861877 0.6743711233139038 0.5808095932006836 0.676328718662262 0.5898923277854919 0.6647198796272278 0.34499290585517883 0.5837042331695557 0.28705939650535583 0.5146336555480957 0.2947333753108978 0.4745714068412781 0.30905452370643616 0.4685182571411133 0.31950095295906067 0.4621797204017639 0.3340880870819092 0.46959352493286133
0.606307327747345 0.5694167613983154 0.4345652461051941 0.5814504623413086 0.7464532256126404 0.601072371006012 0.3839988112449646 0.7095373868942261 0.6202520132064819 0.534629762172699 0.5631073117256165 0.6197458505630493 0.556472659111023 0.6557968854904175 0.5669834613800049 0.6680309176445007 0.5751931071281433 0.66769939661026 0.5853075385093689 0.6481435298919678 0.3370533585548401 0.565330982208252 0.28440672159194946 0.513676643371582 0.2955916225910187 0.4734828770160675 0.3075092136859894 0.4653124511241913 0.31826865673065186 0.4629063308238983 0.3319222331047058 0.4736534357070923
0.6068476438522339 0.5731545686721802 0.43476325273513794 0.5823988914489746 0.7458294630050659 0.6018269062042236 0.38384097814559937 0.7022234797477722 0.6117211580276489 0.53238445520401 0.5461729764938354 0.6210764050483704 0.5514644980430603 0.6520749926567078 0.5620579123497009 0.6633490920066833 0.5698716044425964 0.6655393838882446 0.5779013633728027 0.6465454697608948 0.34420523047447205 0.5800986289978027 0.2847529947757721 0.5173754692077637 0.29376113414764404 0.47629600763320923 0.30616140365600586 0.4679644703865051 0.31550025939941406 0.4597104489803314 0.33245140314102173 0.4685460925102234
0.606594443321228 0.5701608061790466 0.43481168150901794 0.5824012756347656 0.7354478240013123 0.6012215614318848 0.41423138976097107 0.7746800780296326 0.5839525461196899 0.4899654686450958 0.517799437046051 0.5655297040939331 0.517755925655365 0.5920909643173218 0.5250409245491028 0.5964248776435852 0.5335567593574524 0.596693754196167 0.5450742244720459 0.5830731391906738 0.3457810878753662 0.5692699551582336 0.29606831073760986 0.5031040906906128 0.3010933995246887 0.47273704409599304 0.31371960043907166 0.46723735332489014 0.324335515499115 0.46083107590675354 0.33746349811553955 0.4685744643211365
0.6063514947891235 0.569463849067688 0.4343966841697693 0.5826971530914307 0.7265647053718567 0.5967516303062439 0.4215412735939026 0.7906516194343567 0.5759112238883972 0.47865745425224304 0.5156798362731934 0.5431461930274963 0.5062123537063599 0.5780544281005859 0.5137890577316284 0.587259829044342 0.5218442678451538 0.5877079963684082 0.5340436697006226 0.5703259706497192 0.351141095161438 0.5799704790115356 0.29353320598602295 0.5114483833312988 0.3009423315525055 0.4705221951007843 0.31498903036117554 0.46673086285591125 0.3248792588710785 0.4590895175933838 0.33937007188796997 0.46701011061668396
0.6062236428260803 0.5670869946479797 0.4348294138908386 0.5827010869979858 0.7234171628952026 0.5851150751113892 0.4148743152618408 0.7659798264503479 0.5695024728775024 0.46899574995040894 0.5105277299880981 0.5310443639755249 0.5003732442855835 0.568994402885437 0.5099742412567139 0.581447958946228 0.5185710787773132 0.5815158486366272 0.5308775305747986 0.5645249485969543 0.35230767726898193 0.5816611051559448 0.29212984442710876 0.5126688480377197 0.3018757700920105 0.4727543592453003 0.31571245193481445 0.46615761518478394 0.32573822140693665 0.45857539772987366 0.3396899700164795 0.46641120314598083
0.6056786775588989 0.5658476948738098 0.4348908066749573 0.5832534432411194 0.7189371585845947 0.5767543315887451 0.41977459192276 0.7789769768714905 0.5657558441162109 0.4644792079925537 0.5034633874893188 0.5208956599235535 0.4913560450077057 0.5560211539268494 0.5059905648231506 0.574675440788269 0.5145817399024963 0.5767713189125061 0.5229835510253906 0.5674909949302673 0.35374316573143005 0.5845187306404114 0.2920246422290802 0.5131070613861084 0.30214351415634155 0.47444626688957214 0.3154788017272949 0.4681782126426697 0.3252364695072174 0.4594530463218689 0.33928847312927246 0.46541884541511536
0.6039342284202576 0.5610941052436829 0.43503338098526 0.5836724638938904 0.7130745053291321 0.5672410130500793 0.42073854804039 0.7845240235328674 0.5581196546554565 0.4562538266181946 0.5005570650100708 0.5106070041656494 0.48588863015174866 0.542852520942688 0.4978595972061157 0.5550270080566406 0.5098772048950195 0.5567862391471863 0.5219110250473022 0.543982982635498 0.35459601879119873 0.5863320231437683 0.29518941044807434 0.5121951699256897 0.30157214403152466 0.47553616762161255 0.3154700696468353 0.47008568048477173 0.32580190896987915 0.46109598875045776 0.3395605683326721 0.4657737612724304
0.6025717854499817 0.5576937794685364 0.43502846360206604 0.5836687684059143 0.7111088633537292 0.5640487670898438 0.42472171783447266 0.8079118728637695 0.558988630771637 0.4562687873840332 0.5052881240844727 0.5208004713058472 0.48792243003845215 0.5464085340499878 0.49769797921180725 0.5663121342658997 0.507349967956543 0.5698544383049011 0.5165371298789978 0.558415949344635 0.35452115535736084 0.5873950719833374 0.29288268089294434 0.5137521624565125 0.3026579022407532 0.4746091365814209 0.3153560757637024 0.46748191118240356 0.32556071877479553 0.45948904752731323 0.33953800797462463 0.46564245223999023
0.6024509072303772 0.5570626258850098 0.43496283888816833 0.5835145711898804 0.7109091281890869 0.5627066493034363 0.42210260033607483 0.7960662245750427 0.5590771436691284 0.45549115538597107 0.5028645396232605 0.5134305953979492 0.4877316355705261 0.5467407703399658 0.49724557995796204 0.5661441087722778 0.5069736838340759 0.5696308612823486 0.5151682496070862 0.5609126687049866 0.3543367385864258 0.5910772681236267 0.2911934554576874 0.5175443291664124 0.30122607946395874 0.4765871465206146 0.3144482374191284 0.4687314033508301 0.32437458634376526 0.4590100049972534 0.3377733826637268 0.4647957682609558
0.6024175882339478 0.556517481803894 0.43496403098106384 0.5827586054801941 0.7115015387535095 0.5616543292999268 0.4206831455230713 0.7901061773300171 0.5589205622673035 0.4584865868091583 0.506209671497345 0.5248957276344299 0.487515389919281 0.5457048416137695 0.4982603192329407 0.5652136206626892 0.5073844194412231 0.5688256621360779 0.5159907937049866 0.5617326498031616 0.35399940609931946 0.5938229560852051 0.29318690299987793 0.5202822089195251 0.30093130469322205 0.47762542963027954 0.3143014907836914 0.4712153673171997 0.324184387922287 0.4623599052429199 0.3380701541900635 0.4684581756591797
0.6024247407913208 0.5554528832435608 0.434971421957016 0.5821148157119751 0.7118144035339355 0.5622037053108215 0.42115697264671326 0.7904708981513977 0.559833288192749 0.4576473832130432 0.5071119666099548 0.5238497257232666 0.48745158314704895 0.5435976386070251 0.4978342056274414 0.5648977756500244 0.5069265365600586 0.5690751671791077 0.5148096084594727 0.5632191896438599 0.35418376326560974 0.5926786065101624 0.29269370436668396 0.5211434364318848 0.30146023631095886 0.47872310876846313 0.3152591288089752 0.47212839126586914 0.3255252242088318 0.46333783864974976 0.33827391266822815 0.46858251094818115
0.6023956537246704 0.5552878975868225 0.4345630705356598 0.5820785760879517 0.7116321921348572 0.5628511905670166 0.4204210340976715 0.7882351279258728 0.5593838095664978 0.4587172865867615 0.5024633407592773 0.5147806406021118 0.48763856291770935 0.5460350513458252 0.4972248375415802 0.5654874444007874 0.5065003633499146 0.5705697536468506 0.5142204165458679 0.5648630857467651 0.3541484475135803 0.5936121940612793 0.2918274700641632 0.5210476517677307 0.30197644233703613 0.47899746894836426 0.3155807852745056 0.4715207517147064 0.3256652057170868 0.4635683596134186 0.3389492332935333 0.47158291935920715
0.6022331118583679 0.5550006628036499 0.43409451842308044 0.5819074511528015 0.711121678352356 0.5633144974708557 0.4205568730831146 0.7892484664916992 0.560326099395752 0.4590659737586975 0.49893975257873535 0.5107094645500183 0.48848757147789 0.5441807508468628 0.49703383445739746 0.5644356608390808 0.5069506168365479 0.5690929889678955 0.5173935294151306 0.5610610246658325 0.35411110520362854 0.5952441692352295 0.29238075017929077 0.5222240090370178 0.3021523356437683 0.4811111092567444 0.3158986568450928 0.4736042618751526 0.3256796896457672 0.46623748540878296 0.33848538994789124 0.4729587733745575
0.6020519733428955 0.5549923181533813 0.43312105536460876 0.5817081928253174 0.7130960822105408 0.6022422313690186 0.40758317708969116 0.7754985094070435 0.5748788714408875 0.4953446388244629 0.5118555426597595 0.5518497824668884 0.5026135444641113 0.5880703926086426 0.5130849480628967 0.5974642038345337 0.5231851935386658 0.6034327745437622 0.5350244641304016 0.5973180532455444 0.3454115092754364 0.6031675338745117 0.296319842338562 0.5333068370819092 0.29801109433174133 0.5366530418395996 0.32093819975852966 0.5357733964920044 0.33276811242103577 0.533055305480957 0.3422863483428955 0.5309444665908813
0.6025304794311523 0.5600199699401855 0.4331079423427582 0.5812132954597473 0.7189967036247253 0.6757668256759644 0.3813982307910919 0.7296634316444397 0.0 0.0 0.0 0.0 0.0 0.0 0.0 0.0 0.0 0.0 0.0 0.0 0.0 0.0 0.0 0.0 0.0 0.0 0.0 0.0
0.607222855091095 0.5651425123214722 0.43480101227760315 0.5765891671180725 0.7209091186523438 0.7189909815788269 0.33506065607070923 0.6239146590232849 0.0 0.0 0.0 0.0 0.0 0.0 0.0 0.0 0.0 0.0 0.0 0.0 0.0 0.0 0.0 0.0 0.0 0.0 0.0 0.0
0.6073489785194397 0.5654023289680481 0.43423351645469666 0.5569344162940979 0.720767617225647 0.7370671629905701 0.32270175218582153 0.6156654357910156 0.0 0.0 0.0 0.0 0.0 0.0 0.0 0.0 0.0 0.0 0.0 0.0 0.0 0.0 0.0 0.0 0.0 0.0 0.0 0.0
0.6080588102340698 0.5672634840011597 0.43445175886154175 0.5561534762382507 0.6861823201179504 0.7555354833602905 0.3215974271297455 0.6338626146316528 0.6618974208831787 0.8489524722099304 0.6234208941459656 0.9992480874061584 0.6157076358795166 1.046438455581665 0.632235050201416 1.0438339710235596 0.6503320932388306 1.0377960205078125 0.6663451194763184 1.029052972793579 0.0 0.0 0.0 0.0 0.0 0.0 0.0 0.0 0.0 0.0
0.608486533164978 0.5687649846076965 0.434713751077652 0.5572404861450195 0.6724158525466919 0.7633623480796814 0.33388808369636536 0.6924195885658264 0.6671351790428162 0.88405442237854 0.6401937007904053 1.0217629671096802 0.6329247951507568 1.0100607872009277 0.6481611132621765 1.001595139503479 0.6632807850837708 0.9978922009468079 0.6742255687713623 0.9936116337776184 0.0 0.0 0.0 0.0 0.0 0.0 0.0 0.0 0.0 0.0
0.6105552911758423 0.5730448961257935 0.4357030987739563 0.5677525997161865 0.6547479629516602 0.794642448425293 0.3405761122703552 0.7185057997703552 0.0 0.0 0.0 0.0 0.0 0.0 0.0 0.0 0.0 0.0 0.2871131896972656 0.7005054354667664 0.21907952427864075 0.6791127920150757 0.19863790273666382 0.6769046783447266 0.23108558356761932 0.6615680456161499 0.2545115351676941 0.6492658853530884 0.26616552472114563 0.6351831555366516
0.6112239360809326 0.5777240991592407 0.43517622351646423 0.5689826011657715 0.648316502571106 0.8223842978477478 0.32375627756118774 0.689303994178772 0.0 0.0 0.0 0.0 0.0 0.0 0.0 0.0 0.0 0.0 0.0 0.0 0.0 0.0 0.0 0.0 0.0 0.0 0.0 0.0
0.6116987466812134 0.5852378606796265 0.43364381790161133 0.5754547715187073 0.6476548910140991 0.8542038202285767 0.32616207003593445 0.6916895508766174 0.0 0.0 0.0 0.0 0.0 0.0 0.0 0.0 0.0 0.0 0.0 0.0 0.0 0.0 0.0 0.0 0.0 0.0 0.0 0.0
0.6146666407585144 0.5988510251045227 0.43287816643714905 0.5837675333023071 0.6321935653686523 0.8888838887214661 0.3144742250442505 0.6952526569366455 0.0 0.0 0.0 0.0 0.0 0.0 0.0 0.0 0.0 0.0 0.0 0.0 0.0 0.0 0.0 0.0 0.0 0.0 0.0 0.0
0.61571204662323 0.6063622832298279 0.4308792054653168 0.5835715532302856 0.5949501395225525 0.8870062232017517 0.3299427926540375 0.7648070454597473 0.0 0.0 0.0 0.0 0.0 0.0 0.0 0.0 0.0 0.0 0.0 0.0 0.0 0.0 0.0 0.0 0.0 0.0 0.0 0.0
0.6163192391395569 0.6090407967567444 0.429188072681427 0.583247721195221 0.622828483581543 0.8991767168045044 0.3399431109428406 0.7839983701705933 0.0 0.0 0.0 0.0 0.0 0.0 0.0 0.0 0.0 0.0 0.0 0.0 0.0 0.0 0.0 0.0 0.0 0.0 0.0 0.0
0.6228616237640381 0.6158656477928162 0.42685991525650024 0.5903204679489136 0.6455626487731934 0.9167739152908325 0.3456914722919464 0.8256723284721375 0.0 0.0 0.0 0.0 0.0 0.0 0.0 0.0 0.0 0.0 0.22691428661346436 0.8324963450431824 0.14021071791648865 0.7528948783874512 0.1515384465456009 0.7858535051345825 0.19464603066444397 0.789689838886261 0.2071908414363861 0.7976889610290527 0.2088700383901596 0.7941073179244995
0.6271382570266724 0.6213938593864441 0.42570820450782776 0.5921480059623718 0.6579627990722656 0.9284294843673706 0.35607853531837463 0.8344129920005798 0.0 0.0 0.0 0.0 0.0 0.0 0.0 0.0 0.0 0.0 0.2386181503534317 0.8505072593688965 0.1507573276758194 0.7483604550361633 0.1467004418373108 0.7562543749809265 0.1899542510509491 0.7799292206764221 0.21250805258750916 0.7911756038665771 0.21709366142749786 0.7991421222686768
0.6291435360908508 0.6271732449531555 0.42379075288772583 0.6006919145584106 0.6655974984169006 0.9310269951820374 0.3687075972557068 0.8648316860198975 0.0 0.0 0.0 0.0 0.0 0.0 0.0 0.0 0.0 0.0 0.2363099753856659 0.8224518895149231 0.1605249047279358 0.7316362261772156 0.1435883492231369 0.7623974680900574 0.1932801753282547 0.7678778171539307 0.21942730247974396 0.7819995284080505 0.21951544284820557 0.7913404703140259
0.6308388113975525 0.6307510137557983 0.42381778359413147 0.6026967167854309 0.6720189452171326 0.9318652749061584 0.3735487759113312 0.8579317927360535 0.0 0.0 0.0 0.0 0.0 0.0 0.0 0.0 0.0 0.0 0.24818536639213562 0.8354416489601135 0.17244470119476318 0.709187924861908 0.16312463581562042 0.7413244247436523 0.21498402953147888 0.764228105545044 0.23623991012573242 0.7719824910163879 0.23396378755569458 0.7829024195671082
0.6356469392776489 0.6360722780227661 0.41957956552505493 0.6189122200012207 0.6811033487319946 0.9387853741645813 0.3822605013847351 0.8959180116653442 0.0 0.0 0.0 0.0 0.0 0.0 0.0 0.0 0.0 0.0 0.31355467438697815 0.8212990164756775 0.28407230973243713 0.6509003043174744 0.2857656478881836 0.6734288930892944 0.2974849343299866 0.7244381308555603 0.3161810040473938 0.7590703964233398 0.3105589747428894 0.7745741605758667
0.6373906135559082 0.6378309726715088 0.4177052080631256 0.6246218681335449 0.6842862963676453 0.9400784969329834 0.3844207227230072 0.9009931683540344 0.0 0.0 0.0 0.0 0.0 0.0 0.0 0.0 0.0 0.0 0.3155663013458252 0.8207074999809265 0.28545236587524414 0.6468680500984192 0.28584378957748413 0.6747050285339355 0.3039030432701111 0.7332572937011719 0.3155001401901245 0.7592908143997192 0.31017327308654785 0.7738182544708252
0.6391500234603882 0.6400792002677917 0.41804569959640503 0.6281891465187073 0.6888469457626343 0.9440836310386658 0.3849748969078064 0.9164984226226807 0.0 0.0 0.0 0.0 0.0 0.0 0.0 0.0 0.0 0.0 0.3311820328235626 0.8262576460838318 0.3103417158126831 0.6587923765182495 0.3092949092388153 0.6540875434875488 0.3143884837627411 0.7055006623268127 0.33600765466690063 0.7669479846954346 0.3304205536842346 0.785554826259613
0.6449854969978333 0.6460937857627869 0.4186597466468811 0.6254216432571411 0.696008563041687 0.9467612504959106 0.3750700354576111 0.9026129841804504 0.0 0.0 0.0 0.0 0.0 0.0 0.0 0.0 0.0 0.0 0.0 0.0 0.0 0.0 0.0 0.0 0.0 0.0 0.0 0.0
0.649490475654602 0.6495124697685242 0.41942518949508667 0.6260552406311035 0.7025274038314819 0.9497271180152893 0.3678993880748749 0.8939345479011536 0.0 0.0 0.0 0.0 0.0 0.0 0.0 0.0 0.0 0.0 0.36792561411857605 0.9483484625816345 0.37215423583984375 0.7985947132110596 0.3787594437599182 0.676040768623352 0.3683595657348633 0.831904411315918 0.3705110549926758 0.9277350306510925 0.35750502347946167 0.9458833932876587
0.6533775925636292 0.6520836353302002 0.42013829946517944 0.6286140084266663 0.7057563066482544 0.9514879584312439 0.36158162355422974 0.8869079351425171 0.0 0.0 0.0 0.0 0.0 0.0 0.0 0.0 0.0 0.0 0.0 0.0 0.0 0.0 0.0 0.0 0.0 0.0 0.0 0.0
0.6572126746177673 0.6546628475189209 0.4235214591026306 0.6302043199539185 0.7108863592147827 0.9575620293617249 0.37588590383529663 0.917756199836731 0.0 0.0 0.0 0.0 0.0 0.0 0.0 0.0 0.0 0.0 0.0 0.0 0.0 0.0 0.0 0.0 0.0 0.0 0.0 0.0
0.6597614884376526 0.6600558161735535 0.42354220151901245 0.6425403356552124 0.7189265489578247 0.969330370426178 0.3751167356967926 0.9437296390533447 0.0 0.0 0.0 0.0 0.0 0.0 0.0 0.0 0.0 0.0 0.0 0.0 0.0 0.0 0.0 0.0 0.0 0.0 0.0 0.0
0.6596155166625977 0.6625484228134155 0.4232286512851715 0.6480659246444702 0.719572901725769 0.9731985330581665 0.3748498857021332 0.9567620754241943 0.0 0.0 0.0 0.0 0.0 0.0 0.0 0.0 0.0 0.0 0.0 0.0 0.0 0.0 0.0 0.0 0.0 0.0 0.0 0.0
0.6603875756263733 0.6677592992782593 0.42034420371055603 0.6567419171333313 0.7184544205665588 0.9722276329994202 0.3745037019252777 0.967010498046875 0.0 0.0 0.0 0.0 0.0 0.0 0.0 0.0 0.0 0.0 0.0 0.0 0.0 0.0 0.0 0.0 0.0 0.0 0.0 0.0
0.6589520573616028 0.6735538840293884 0.40584510564804077 0.6803247928619385 0.7155446410179138 0.9738381505012512 0.3741437792778015 0.9910240769386292 0.0 0.0 0.0 0.0 0.0 0.0 0.0 0.0 0.0 0.0 0.0 0.0 0.0 0.0 0.0 0.0 0.0 0.0 0.0 0.0
0.6572459936141968 0.6771441698074341 0.39920341968536377 0.6894826889038086 0.7152968645095825 0.9747127294540405 0.37292587757110596 0.9961826801300049 0.0 0.0 0.0 0.0 0.0 0.0 0.0 0.0 0.0 0.0 0.0 0.0 0.0 0.0 0.0 0.0 0.0 0.0 0.0 0.0
0.6556218266487122 0.6896994113922119 0.3891250789165497 0.7030185461044312 0.7108483910560608 0.9918224811553955 0.3724481165409088 1.001557469367981 0.0 0.0 0.0 0.0 0.0 0.0 0.0 0.0 0.0 0.0 0.0 0.0 0.0 0.0 0.0 0.0 0.0 0.0 0.0 0.0
0.6528757810592651 0.6976349949836731 0.38222160935401917 0.7061273455619812 0.7036150693893433 1.0022162199020386 0.36933696269989014 0.9997713565826416 0.0 0.0 0.0 0.0 0.0 0.0 0.0 0.0 0.0 0.0 0.0 0.0 0.0 0.0 0.0 0.0 0.0 0.0 0.0 0.0
0.638756275177002 0.7127129435539246 0.3604993522167206 0.7181053161621094 0.6860071420669556 1.009253978729248 0.36546212434768677 1.007306456565857 0.0 0.0 0.0 0.0 0.0 0.0 0.0 0.0 0.0 0.0 0.0 0.0 0.0 0.0 0.0 0.0 0.0 0.0 0.0 0.0
0.6299980878829956 0.7212498784065247 0.3508453369140625 0.7281365394592285 0.6721864938735962 1.0112227201461792 0.3598315715789795 1.004318118095398 0.0 0.0 0.0 0.0 0.0 0.0 0.0 0.0 0.0 0.0 0.0 0.0 0.0 0.0 0.0 0.0 0.0 0.0 0.0 0.0
0.6017568707466125 0.731831431388855 0.3279044032096863 0.7394075989723206 0.6063166260719299 1.0899745225906372 0.3432900905609131 1.0584555864334106 0.0 0.0 0.0 0.0 0.0 0.0 0.0 0.0 0.0 0.0 0.0 0.0 0.0 0.0 0.0 0.0 0.0 0.0 0.0 0.0
0.5881527066230774 0.7390387058258057 0.317493200302124 0.7437470555305481 0.5703345537185669 1.1281547546386719 0.3445897698402405 1.035122275352478 0.0 0.0 0.0 0.0 0.0 0.0 0.0 0.0 0.0 0.0 0.0 0.0 0.0 0.0 0.0 0.0 0.0 0.0 0.0 0.0
0.575260579586029 0.7345831394195557 0.3061123490333557 0.7422178387641907 0.5450611114501953 1.1138941049575806 0.33925145864486694 1.0245318412780762 0.0 0.0 0.0 0.0 0.0 0.0 0.0 0.0 0.0 0.0 0.0 0.0 0.0 0.0 0.0 0.0 0.0 0.0 0.0 0.0
0.5674914717674255 0.730200469493866 0.30336230993270874 0.736889123916626 0.51659095287323 1.0676058530807495 0.3329037129878998 1.0203520059585571 0.0 0.0 0.0 0.0 0.0 0.0 0.0 0.0 0.0 0.0 0.0 0.0 0.0 0.0 0.0 0.0 0.0 0.0 0.0 0.0
0.56101393699646 0.7272387146949768 0.29751819372177124 0.7331103086471558 0.5073729753494263 1.0452901124954224 0.3301519751548767 1.0160982608795166 0.0 0.0 0.0 0.0 0.0 0.0 0.0 0.0 0.0 0.0 0.0 0.0 0.0 0.0 0.0 0.0 0.0 0.0 0.0 0.0
0.549446165561676 0.7268582582473755 0.29107561707496643 0.7324084639549255 0.5127450823783875 1.027355432510376 0.3231057822704315 0.9982469081878662 0.0 0.0 0.0 0.0 0.0 0.0 0.0 0.0 0.0 0.0 0.0 0.0 0.0 0.0 0.0 0.0 0.0 0.0 0.0 0.0
0.5442023277282715 0.7217441201210022 0.28899139165878296 0.7304756045341492 0.5090357661247253 1.0181604623794556 0.3175889849662781 0.9865554571151733 0.0 0.0 0.0 0.0 0.0 0.0 0.0 0.0 0.0 0.0 0.0 0.0 0.0 0.0 0.0 0.0 0.0 0.0 0.0 0.0
0.5403911471366882 0.7157178521156311 0.2880818545818329 0.7251866459846497 0.5037966370582581 1.0137887001037598 0.31322553753852844 0.9747970700263977 0.0 0.0 0.0 0.0 0.0 0.0 0.0 0.0 0.0 0.0 0.0 0.0 0.0 0.0 0.0 0.0 0.0 0.0 0.0 0.0
0.5395975708961487 0.7107895612716675 0.2888757586479187 0.717477560043335 0.49868878722190857 1.0142549276351929 0.3150828182697296 0.9700208902359009 0.0 0.0 0.0 0.0 0.0 0.0 0.0 0.0 0.0 0.0 0.0 0.0 0.0 0.0 0.0 0.0 0.0 0.0 0.0 0.0
