0.6108428239822388 0.5617303252220154 0.45843300223350525 0.5893014073371887 0.7064815163612366 0.4917799234390259 0.3646809458732605 0.6351266503334045 0.5581521391868591 0.442673921585083 0.5116808414459229 0.5412454009056091 0.5000046491622925 0.5496722459793091 0.5050597190856934 0.5567029118537903 0.5128731727600098 0.5617421269416809 0.5218324065208435 0.5582756400108337 0.3093740940093994 0.546370804309845 0.2910659611225128 0.5002841353416443 0.29404008388519287 0.49300292134284973 0.30612653493881226 0.4942399561405182 0.3161487281322479 0.49049779772758484 0.32403579354286194 0.48723065853118896
0.6107863783836365 0.5617580413818359 0.45842108130455017 0.5894457101821899 0.7064762115478516 0.4917578399181366 0.36434900760650635 0.6352357864379883 0.5584177374839783 0.4429183304309845 0.5115306377410889 0.5424166321754456 0.4988933503627777 0.5511588454246521 0.5045435428619385 0.5585272908210754 0.5126982927322388 0.5634585618972778 0.5230281949043274 0.5557735562324524 0.29963821172714233 0.5408945083618164 0.2936033308506012 0.5116764903068542 0.3025120496749878 0.5122475624084473 0.30272233486175537 0.4995651841163635 0.2994224429130554 0.49284079670906067 0.29472729563713074 0.49204957485198975
0.6107490062713623 0.561775803565979 0.45841464400291443 0.5895385146141052 0.7064729928970337 0.49173858761787415 0.3639863133430481 0.6353697180747986 0.5586767792701721 0.4426816403865814 0.5122689008712769 0.5408226847648621 0.49901339411735535 0.5500081181526184 0.5042576789855957 0.5579031705856323 0.5123481154441833 0.5628698468208313 0.5227561593055725 0.5558729767799377 0.29739639163017273 0.5473456978797913 0.3130577504634857 0.4994109272956848 0.31437215209007263 0.4917106330394745 0.30830952525138855 0.48855912685394287 0.30038827657699585 0.48933595418930054 0.2924073338508606 0.4951217770576477
0.6107510328292847 0.5608155727386475 0.45907673239707947 0.5893964767456055 0.7064926624298096 0.49173083901405334 0.364547461271286 0.6356840133666992 0.5583400130271912 0.44456425309181213 0.5049252510070801 0.5291276574134827 0.4987504780292511 0.5489197373390198 0.5042461156845093 0.5575973987579346 0.5116285085678101 0.5629211664199829 0.5206515789031982 0.5580341815948486 0.29680514335632324 0.5352890491485596 0.2985500395298004 0.509991466999054 0.3099825978279114 0.515049159526825 0.30621764063835144 0.5028806924819946 0.3003889322280884 0.49707362055778503 0.2931479215621948 0.49536964297294617
0.6095396876335144 0.5601891279220581 0.45890870690345764 0.5894066691398621 0.707329273223877 0.49166518449783325 0.36099421977996826 0.6328496932983398 0.5588737726211548 0.4465157389640808 0.5017107725143433 0.51478511095047 0.5003002882003784 0.5513648986816406 0.5050621628761292 0.5615795254707336 0.5125510096549988 0.5665177702903748 0.5209412574768066 0.561927318572998 0.0 0.0 0.0 0.0 0.0 0.0 0.0 0.0 0.0 0.0
0.6096145510673523 0.5609020590782166 0.4578190743923187 0.5893171429634094 0.708038330078125 0.4915652871131897 0.35377201437950134 0.5820861458778381 0.5584700107574463 0.4467010498046875 0.5037140250205994 0.5271267294883728 0.499767541885376 0.5531166791915894 0.5048974752426147 0.5641599893569946 0.513167142868042 0.5675514936447144 0.5227727293968201 0.5610538125038147 0.3059818148612976 0.5589349269866943 0.295410692691803 0.5043245553970337 0.3024386763572693 0.49674761295318604 0.30484792590141296 0.4915771484375 0.3037780225276947 0.49104043841362 0.30047622323036194 0.49044808745384216
0.6096285581588745 0.560897171497345 0.4572885036468506 0.5892294049263 0.7080832123756409 0.4915207028388977 0.3545166850090027 0.6003305315971375 0.5584472417831421 0.4465235769748688 0.5065900087356567 0.5299245119094849 0.4997137784957886 0.5527941584587097 0.5042539834976196 0.5619839429855347 0.5121254324913025 0.5682480931282043 0.5211216807365417 0.5633721947669983 0.0 0.0 0.0 0.0 0.0 0.0 0.0 0.0 0.0 0.0
0.6097779273986816 0.56024569272995 0.4575285315513611 0.5885382890701294 0.7083494663238525 0.49137818813323975 0.35518479347229004 0.6050513386726379 0.5586492419242859 0.4455642104148865 0.5080352425575256 0.531378448009491 0.4996483325958252 0.5522478818893433 0.5046347975730896 0.5621497631072998 0.5130038857460022 0.5679544806480408 0.5222461819648743 0.5634063482284546 0.0 0.0 0.0 0.0 0.0 0.0 0.0 0.0 0.0 0.0
0.6095497608184814 0.559217095375061 0.4575533866882324 0.587044894695282 0.7083441019058228 0.4907689392566681 0.35351255536079407 0.5669088959693909 0.5591170191764832 0.44413304328918457 0.5137492418289185 0.5447835326194763 0.5001506805419922 0.5515426993370056 0.5040649771690369 0.5604422092437744 0.5120534300804138 0.568231463432312 0.5211940407752991 0.564206063747406 0.29538553953170776 0.5380138754844666 0.3146340250968933 0.5044071078300476 0.31862297654151917 0.5006617903709412 0.3128695487976074 0.48955899477005005 0.30141109228134155 0.4891085624694824 0.2913614809513092 0.4923302233219147
0.6095007658004761 0.5591318011283875 0.4575446546077728 0.5868850946426392 0.7083387970924377 0.49048784375190735 0.3515312969684601 0.5601606369018555 0.5588001608848572 0.44528698921203613 0.5103422403335571 0.5398992896080017 0.49931102991104126 0.5550029873847961 0.504262387752533 0.5633160471916199 0.5116407871246338 0.5692732930183411 0.5211514830589294 0.564063549041748 0.0 0.0 0.0 0.0 0.0 0.0 0.0 0.0 0.0 0.0
0.6092767715454102 0.5579895377159119 0.4575675427913666 0.5853509902954102 0.7083381414413452 0.49041688442230225 0.3517149090766907 0.555732786655426 0.5585541725158691 0.44560274481773376 0.5131080150604248 0.5462477803230286 0.5011579394340515 0.5576469898223877 0.5052659511566162 0.5642836093902588 0.512580931186676 0.5713043212890625 0.5216008424758911 0.5656960606575012 0.0 0.0 0.0 0.0 0.0 0.0 0.0 0.0 0.0 0.0
0.6086772680282593 0.5580039620399475 0.45755982398986816 0.5858772993087769 0.708378255367279 0.49033889174461365 0.3490009903907776 0.5540820360183716 0.5581387281417847 0.4465014934539795 0.5112554430961609 0.545794665813446 0.5006944537162781 0.5582370758056641 0.504818856716156 0.5658371448516846 0.5115278959274292 0.5719789862632751 0.520176887512207 0.5683325529098511 0.0 0.0 0.0 0.0 0.0 0.0 0.0 0.0 0.0 0.0
0.6085341572761536 0.5601924657821655 0.45750221610069275 0.5856024622917175 0.7083703279495239 0.4908964931964874 0.3482322096824646 0.5540628433227539 0.5557893514633179 0.4528706967830658 0.5111117362976074 0.555173933506012 0.4992940425872803 0.5620326399803162 0.5040764808654785 0.5682119727134705 0.5105893015861511 0.5750780701637268 0.5174207091331482 0.5719549059867859 0.3035579323768616 0.5595940947532654 0.2967846691608429 0.5029033422470093 0.29619336128234863 0.5009947419166565 0.294948935508728 0.4998471736907959 0.2953742742538452 0.4999704360961914 0.2960200011730194 0.49871623516082764
0.6085370779037476 0.560190737247467 0.45733633637428284 0.5851184129714966 0.708342432975769 0.49122458696365356 0.34853506088256836 0.609512209892273 0.555512011051178 0.4515414237976074 0.5034658312797546 0.5363209247589111 0.4982689321041107 0.5642807483673096 0.5036827325820923 0.5721152424812317 0.5107975006103516 0.5776399970054626 0.5180028080940247 0.5733473300933838 0.0 0.0 0.0 0.0 0.0 0.0 0.0 0.0 0.0 0.0
0.6085900664329529 0.5606528520584106 0.4571855068206787 0.5850154161453247 0.7084397673606873 0.4914305806159973 0.34849312901496887 0.5819050669670105 0.5553132891654968 0.45367568731307983 0.5038919448852539 0.540547251701355 0.498411625623703 0.5638785362243652 0.5030283331871033 0.5702589154243469 0.5097111463546753 0.5759978890419006 0.5168569087982178 0.5735307335853577 0.0 0.0 0.0 0.0 0.0 0.0 0.0 0.0 0.0 0.0
0.6085876226425171 0.5611599683761597 0.4570280611515045 0.5852311253547668 0.708299994468689 0.49172964692115784 0.34860214591026306 0.578400194644928 0.5557801723480225 0.45396187901496887 0.5038702487945557 0.5435100793838501 0.4979531764984131 0.5654053092002869 0.503446638584137 0.5734787583351135 0.5103623270988464 0.5791284441947937 0.5190659761428833 0.5706139802932739 0.3020835518836975 0.5600043535232544 0.29533684253692627 0.5072335600852966 0.29776662588119507 0.49860382080078125 0.29722028970718384 0.49591895937919617 0.2965787649154663 0.4956560730934143 0.29546502232551575 0.496299147605896
0.6091987490653992 0.5652626156806946 0.4519526958465576 0.5864850878715515 0.7128492593765259 0.5002233386039734 0.3440379500389099 0.5741914510726929 0.5645412802696228 0.47106605768203735 0.5108968019485474 0.5539106726646423 0.5127958655357361 0.5911346077919006 0.5180028080940247 0.5976476669311523 0.5251831412315369 0.596220850944519 0.5322830080986023 0.5825759768486023 0.0 0.0 0.0 0.0 0.0 0.0 0.0 0.0 0.0 0.0
0.6098228096961975 0.5676888227462769 0.44785672426223755 0.5866687893867493 0.7162420153617859 0.5097147226333618 0.3515300452709198 0.6354677081108093 0.5687416195869446 0.47972315549850464 0.51673823595047 0.5543758273124695 0.5120998024940491 0.5927116870880127 0.5163522958755493 0.5973553657531738 0.5286376476287842 0.5883384943008423 0.5429664850234985 0.564791738986969 0.2971839904785156 0.5547457337379456 0.30383217334747314 0.49220240116119385 0.28736671805381775 0.4971563518047333 0.28857702016830444 0.4993220567703247 0.28395411372184753 0.5124775767326355 0.2620809078216553 0.5519492626190186
0.6100091934204102 0.5677463412284851 0.44637489318847656 0.5868892073631287 0.721117377281189 0.52018141746521 0.35977044701576233 0.6682776808738708 0.5730103850364685 0.4886801540851593 0.5208668112754822 0.5705639719963074 0.5098850131034851 0.5837548971176147 0.525543749332428 0.6123206615447998 0.5344775915145874 0.6177900433540344 0.5444680452346802 0.6094202399253845 0.30303484201431274 0.5440440773963928 0.2881496548652649 0.5012073516845703 0.2879972755908966 0.49470776319503784 0.299905389547348 0.4910006523132324 0.30646732449531555 0.4870707392692566 0.3141038119792938 0.49010828137397766
0.6100105047225952 0.5705280900001526 0.44350332021713257 0.5944742560386658 0.7328521013259888 0.5503320097923279 0.35941261053085327 0.660895049571991 0.6059302091598511 0.5365992784500122 0.5614908933639526 0.6439652442932129 0.5603134036064148 0.6634779572486877 0.5667091608047485 0.6655935645103455 0.5727757215499878 0.6616599559783936 0.5796732902526855 0.6440000534057617 0.3008608818054199 0.5378783941268921 0.28730735182762146 0.49677765369415283 0.28822004795074463 0.5013149380683899 0.30587780475616455 0.48692092299461365 0.3120926022529602 0.4815671741962433 0.3189155161380768 0.48448890447616577
0.6102514863014221 0.5742834210395813 0.4422535300254822 0.5967832207679749 0.7413240671157837 0.5712548494338989 0.35562843084335327 0.6630346775054932 0.620993971824646 0.5465759634971619 0.570858895778656 0.6470571756362915 0.5717188715934753 0.6801104545593262 0.5786343216896057 0.682405948638916 0.5869923233985901 0.6763195395469666 0.5962433815002441 0.655322790145874 0.29539239406585693 0.5268751978874207 0.310916006565094 0.4880438446998596 0.3285626769065857 0.5006245970726013 0.3103889226913452 0.48622745275497437 0.30025795102119446 0.48688244819641113 0.2867776155471802 0.49178627133369446
0.6104128956794739 0.5746251940727234 0.4407828450202942 0.5966631770133972 0.7484772205352783 0.5841190218925476 0.3506470322608948 0.6596978306770325 0.6384694576263428 0.5601112246513367 0.5836809873580933 0.6614046096801758 0.5816426873207092 0.6938085556030273 0.5927266478538513 0.7019992470741272 0.6014274954795837 0.6988508701324463 0.6117686033248901 0.6798756718635559 0.2902112901210785 0.5260062217712402 0.31346744298934937 0.5004119277000427 0.31503161787986755 0.4949820935726166 0.3027077913284302 0.5011492967605591 0.29278454184532166 0.5165201425552368 0.2820107340812683 0.5181516408920288
0.6076889038085938 0.5761975049972534 0.4371891915798187 0.5947069525718689 0.7524799704551697 0.59592205286026 0.3481743037700653 0.6649699807167053 0.6523194909095764 0.5736269354820251 0.600263774394989 0.6693355441093445 0.5998358726501465 0.7071974873542786 0.6093233227729797 0.7132452130317688 0.6185877919197083 0.7107484340667725 0.629380464553833 0.6983831524848938 0.30043837428092957 0.5287372469902039 0.28552696108818054 0.5024128556251526 0.2844819724559784 0.5069524049758911 0.29902759194374084 0.49545741081237793 0.307697057723999 0.48527243733406067 0.32482588291168213 0.4938753843307495
0.604084312915802 0.5760745406150818 0.4366903305053711 0.5946394205093384 0.7553028464317322 0.5976654291152954 0.34345459938049316 0.6621217131614685 0.6615875363349915 0.5853068828582764 0.6034114360809326 0.666675329208374 0.6034181714057922 0.7065663933753967 0.6136572957038879 0.7196979522705078 0.6246298551559448 0.7222321033477783 0.6354352235794067 0.7150309681892395 0.30158373713493347 0.5253614187240601 0.31292757391929626 0.4860229790210724 0.3029599189758301 0.5021306276321411 0.29025447368621826 0.5115125179290771 0.28657031059265137 0.5066719055175781 0.28275635838508606 0.5080568194389343
0.6043213605880737 0.5762194395065308 0.436995267868042 0.5944513082504272 0.7556132674217224 0.5993310213088989 0.3741466701030731 0.7247956991195679 0.6532408595085144 0.5745559930801392 0.5993428230285645 0.6551291942596436 0.595592737197876 0.6935014128684998 0.6055248975753784 0.7112767696380615 0.6147924065589905 0.713326096534729 0.6259722113609314 0.7016683220863342 0.3086621165275574 0.5574740171432495 0.285101979970932 0.515841543674469 0.28564369678497314 0.5049751996994019 0.29865899682044983 0.5022962093353271 0.30939140915870667 0.4949416220188141 0.32520827651023865 0.4990079998970032
0.6043220162391663 0.5769058465957642 0.43648457527160645 0.598707377910614 0.7547136545181274 0.5983893871307373 0.3896598815917969 0.7606679201126099 0.639326274394989 0.5652420520782471 0.5876632928848267 0.6582487225532532 0.589743971824646 0.6862207055091858 0.5990973711013794 0.6926382780075073 0.6082732081413269 0.6935492157936096 0.6174056529998779 0.6792894005775452 0.3212187886238098 0.5766850709915161 0.2822248339653015 0.5189553499221802 0.2839817702770233 0.4945109486579895 0.30098292231559753 0.4968435764312744 0.3133096992969513 0.4919114410877228 0.3286115527153015 0.49897971749305725
0.6042661070823669 0.5778012871742249 0.4362538754940033 0.6048457026481628 0.752516508102417 0.593261182308197 0.39155614376068115 0.7608019709587097 0.6349382400512695 0.5477122664451599 0.5828253626823425 0.6306830644607544 0.580768883228302 0.6667975187301636 0.5900376439094543 0.6788288354873657 0.5993832349777222 0.6790170073509216 0.607785701751709 0.6628021001815796 0.33173882961273193 0.5842041373252869 0.28383874893188477 0.5220890641212463 0.28459370136260986 0.49562013149261475 0.3021145761013031 0.4935401678085327 0.3150327503681183 0.48988285660743713 0.3292366862297058 0.49583181738853455
0.6061699390411377 0.5783647298812866 0.43640774488449097 0.6043140292167664 0.7450795769691467 0.5899174809455872 0.3895704746246338 0.7146100997924805 0.5955223441123962 0.4956073760986328 0.5438968539237976 0.5801934003829956 0.5449419021606445 0.6165301203727722 0.5502278804779053 0.6214065551757812 0.5580111145973206 0.6211853623390198 0.5656757354736328 0.6085603833198547 0.3320884108543396 0.5763801336288452 0.2900337278842926 0.5147238969802856 0.29104551672935486 0.4945946931838989 0.30651935935020447 0.4929274022579193 0.3184097707271576 0.49072062969207764 0.3314978778362274 0.4953681230545044
0.6062895059585571 0.5783094763755798 0.4365878701210022 0.6000514030456543 0.7349745035171509 0.5804081559181213 0.3840295076370239 0.6730775833129883 0.5859392285346985 0.4853525459766388 0.534210741519928 0.5692710876464844 0.5331407785415649 0.5977059602737427 0.5395809412002563 0.606605589389801 0.5469720959663391 0.6092734932899475 0.5542154908180237 0.5985154509544373 0.3407570719718933 0.588140070438385 0.2877150774002075 0.5242832899093628 0.29126450419425964 0.490478515625 0.3086194097995758 0.48773735761642456 0.32090166211128235 0.48822665214538574 0.333780437707901 0.4936404526233673
0.6069793701171875 0.5782319903373718 0.4368360638618469 0.598781406879425 0.7275539040565491 0.5711984634399414 0.3539746403694153 0.5752803683280945 0.5758790969848633 0.4720486104488373 0.527534008026123 0.554526686668396 0.5252367854118347 0.5739925503730774 0.5311266183853149 0.5743072628974915 0.5414355993270874 0.5639187693595886 0.5510392785072327 0.5500025153160095 0.32695648074150085 0.5648508071899414 0.28854966163635254 0.5097888112068176 0.2893102169036865 0.49464166164398193 0.3052279055118561 0.4915371239185333 0.3163353502750397 0.49080002307891846 0.3319048583507538 0.4894358217716217
0.607147753238678 0.5777899026870728 0.43800902366638184 0.5987246036529541 0.7203531861305237 0.5597643256187439 0.364721417427063 0.5776913166046143 0.5667164325714111 0.46140557527542114 0.5163585543632507 0.5393134951591492 0.5185540914535522 0.5402936339378357 0.5258389711380005 0.5369248390197754 0.5352262854576111 0.53077632188797 0.5433738827705383 0.526244044303894 0.3348454535007477 0.5779849290847778 0.2885161340236664 0.5178568363189697 0.29007676243782043 0.4907763600349426 0.308221697807312 0.4891952872276306 0.3205764591693878 0.4873701333999634 0.3359689712524414 0.49314647912979126
0.6062273383140564 0.5787838101387024 0.4381454586982727 0.6007401943206787 0.6934757232666016 0.5252830982208252 0.3687649667263031 0.6563749313354492 0.5490946769714355 0.4395350217819214 0.48561984300613403 0.5201375484466553 0.48192524909973145 0.5404855012893677 0.4925749599933624 0.5360884666442871 0.5052492022514343 0.5287628173828125 0.5133680105209351 0.5215583443641663 0.3336246907711029 0.5740821361541748 0.2899433672428131 0.5117430090904236 0.2956823408603668 0.4962409734725952 0.311903715133667 0.49492520093917847 0.3256545066833496 0.4942956268787384 0.33964666724205017 0.4992251396179199
0.6050334572792053 0.5787732601165771 0.4382499158382416 0.6018664240837097 0.6893249750137329 0.5125410556793213 0.3732098639011383 0.6889328956604004 0.5439006090164185 0.4418233036994934 0.48504674434661865 0.5242252945899963 0.4840015769004822 0.5408941507339478 0.49119147658348083 0.5392177104949951 0.5062481760978699 0.5287912487983704 0.5131356120109558 0.5219009518623352 0.3443499803543091 0.5823951959609985 0.2907129228115082 0.5188858509063721 0.29700493812561035 0.4906964898109436 0.3128328025341034 0.4849473237991333 0.3249204456806183 0.48259270191192627 0.3390388786792755 0.49175381660461426
0.604538083076477 0.5787500739097595 0.4383113384246826 0.6020657420158386 0.6888390183448792 0.5129375457763672 0.3743080198764801 0.6965101361274719 0.5418773889541626 0.4431557357311249 0.4919688403606415 0.5220547318458557 0.4876575171947479 0.5455278158187866 0.4965634047985077 0.5393459796905518 0.5090721249580383 0.5300990343093872 0.518733561038971 0.5239981412887573 0.33532342314720154 0.5741562247276306 0.2888332009315491 0.5124356746673584 0.29586267471313477 0.4927734434604645 0.3118181526660919 0.4874095320701599 0.32379209995269775 0.484051913022995 0.33705171942710876 0.49186304211616516
0.6045321226119995 0.5787097215652466 0.4376286566257477 0.6021738648414612 0.6939677596092224 0.5207282304763794 0.40291985869407654 0.7634729743003845 0.5598549246788025 0.4702084958553314 0.5099931359291077 0.5478700399398804 0.5096631646156311 0.5858106017112732 0.5184227824211121 0.585025429725647 0.5277073979377747 0.5718305706977844 0.5363893508911133 0.5565344095230103 0.33837443590164185 0.5886310338973999 0.2829720973968506 0.5270043015480042 0.28895556926727295 0.49621742963790894 0.30535832047462463 0.49390074610710144 0.3168146312236786 0.48818230628967285 0.3320457637310028 0.4960138201713562
0.6044785976409912 0.5783641338348389 0.43710607290267944 0.6022576689720154 0.7041078805923462 0.5323302745819092 0.3957006633281708 0.7587737441062927 0.5713997483253479 0.48342961072921753 0.5211740136146545 0.5649731755256653 0.5206302404403687 0.599948525428772 0.5268153548240662 0.6026819944381714 0.5353134274482727 0.6013875603675842 0.5437471270561218 0.5872076153755188 0.34118518233299255 0.5950035452842712 0.2853296995162964 0.5303260684013367 0.2876734733581543 0.49545615911483765 0.3040064573287964 0.49078553915023804 0.314340204000473 0.4818277359008789 0.33054617047309875 0.48916906118392944
0.6044188737869263 0.5774756073951721 0.4370959401130676 0.602147102355957 0.7140933275222778 0.545577347278595 0.3921927511692047 0.7520931959152222 0.5784646272659302 0.4968723654747009 0.5266611576080322 0.5755448341369629 0.4798654615879059 0.5351076126098633 0.5326137542724609 0.6130738258361816 0.5405387282371521 0.6126900315284729 0.5507758259773254 0.5988500118255615 0.3338349461555481 0.5856382846832275 0.2848879396915436 0.5198985934257507 0.2894393503665924 0.4959595203399658 0.30551251769065857 0.4938996732234955 0.3176633417606354 0.48988470435142517 0.33139768242836 0.4957287013530731
0.6045268774032593 0.5772598385810852 0.4371388852596283 0.6032568216323853 0.7232550382614136 0.5580365061759949 0.4015117585659027 0.7698165774345398 0.5906130075454712 0.5052365064620972 0.5395985245704651 0.5852715373039246 0.5384275317192078 0.6217050552368164 0.5449236631393433 0.6210664510726929 0.5534963607788086 0.6109406352043152 0.5643923282623291 0.5897676944732666 0.33866167068481445 0.5945032835006714 0.2816317677497864 0.5322750210762024 0.28747013211250305 0.49530553817749023 0.3042024075984955 0.49007511138916016 0.31598708033561707 0.4856525957584381 0.32958847284317017 0.4914275109767914
0.6045374274253845 0.577707052230835 0.4372667372226715 0.6091566681861877 0.7312507629394531 0.5719025135040283 0.4033689498901367 0.771654486656189 0.6027036309242249 0.5163816213607788 0.5512235164642334 0.6051120162010193 0.5526296496391296 0.643298327922821 0.5586910247802734 0.6476210355758667 0.5630325078964233 0.6419588923454285 0.5732758045196533 0.6180565357208252 0.3325105905532837 0.5859154462814331 0.2840476930141449 0.516389012336731 0.28808653354644775 0.4975970387458801 0.3045540750026703 0.4956657588481903 0.3167968690395355 0.4903872013092041 0.3300650417804718 0.49801427125930786
0.602889895439148 0.5763248801231384 0.4353328347206116 0.6090145111083984 0.7497823238372803 0.5970021486282349 0.3992904722690582 0.7761527299880981 0.6451729536056519 0.5914103984832764 0.5978432893753052 0.6877688765525818 0.6020395159721375 0.7136077284812927 0.6121813058853149 0.723969578742981 0.6216417551040649 0.7271873950958252 0.6314260363578796 0.7167524099349976 0.3358643054962158 0.5979252457618713 0.2759907841682434 0.5359700918197632 0.28333407640457153 0.5053788423538208 0.2990182340145111 0.5016390085220337 0.3089924454689026 0.49269798398017883 0.3246602416038513 0.4959908127784729
0.5987507700920105 0.5722628831863403 0.43363338708877563 0.6084203720092773 0.7561004161834717 0.6040509343147278 0.3981883227825165 0.7680037021636963 0.655709445476532 0.5889042615890503 0.6075306534767151 0.6754237413406372 0.6032125353813171 0.7105075716972351 0.6146446466445923 0.7224555015563965 0.6259897947311401 0.7269371747970581 0.6356586217880249 0.719221830368042 0.32822418212890625 0.5908911824226379 0.2802354395389557 0.5218421816825867 0.2842077910900116 0.5024827718734741 0.2997036874294281 0.4988144636154175 0.3121282160282135 0.49512457847595215 0.3259088695049286 0.5045522451400757
0.5976618528366089 0.5701189041137695 0.4314649701118469 0.6081562638282776 0.7573708295822144 0.6071162223815918 0.4096249043941498 0.814816951751709 0.6553460359573364 0.5851007699966431 0.5995522141456604 0.6444783806800842 0.6014290452003479 0.7075942158699036 0.612056314945221 0.7187772989273071 0.6229713559150696 0.7248210906982422 0.6321921944618225 0.7183549404144287 0.3343350887298584 0.597852885723114 0.2781447768211365 0.536697506904602 0.2816653549671173 0.5019508004188538 0.2980833351612091 0.4988362789154053 0.30930620431900024 0.4918888509273529 0.32412296533584595 0.4970253109931946
0.6014387607574463 0.5711896419525146 0.43154677748680115 0.6079584956169128 0.7523841857910156 0.6013718843460083 0.3611566722393036 0.7075177431106567 0.615658700466156 0.5310057401657104 0.5643784999847412 0.6244080662727356 0.5690212249755859 0.6584177017211914 0.5765576362609863 0.6662400364875793 0.5839710235595703 0.6686567664146423 0.5917226076126099 0.6555107831954956 0.3247573971748352 0.5762015581130981 0.28437042236328125 0.5145521759986877 0.28810763359069824 0.49901723861694336 0.30220353603363037 0.4937387704849243 0.3141718804836273 0.488206684589386 0.3300095200538635 0.49611082673072815
0.6036739349365234 0.5718361139297485 0.4331262707710266 0.6031971573829651 0.7517359852790833 0.597795307636261 0.3577968180179596 0.672214925289154 0.6110044121742249 0.5188655257225037 0.5527371168136597 0.6084083318710327 0.5528454780578613 0.6333521008491516 0.5614181756973267 0.6412246227264404 0.5691404342651367 0.6418236494064331 0.5786179900169373 0.6296413540840149 0.3207795023918152 0.5659162998199463 0.28596705198287964 0.5128397941589355 0.2850102186203003 0.4996521472930908 0.30127960443496704 0.49748119711875916 0.3127525746822357 0.4934089481830597 0.3293103873729706 0.5000903010368347
0.6045172810554504 0.571753978729248 0.4366474151611328 0.5976303219795227 0.7471442222595215 0.5956284999847412 0.3622991740703583 0.6644707918167114 0.6024526357650757 0.5012794137001038 0.542820930480957 0.5850170850753784 0.5527539849281311 0.6210984587669373 0.5573704838752747 0.6280504465103149 0.561850905418396 0.6281081438064575 0.5673270225524902 0.6165747046470642 0.32802146673202515 0.5760402679443359 0.2855089604854584 0.516625165939331 0.2874453067779541 0.4948751926422119 0.3043607473373413 0.4997694492340088 0.3180243968963623 0.4948452115058899 0.33321496844291687 0.5017370581626892
0.6047560572624207 0.571775496006012 0.4367503225803375 0.5969647169113159 0.7395254373550415 0.591543436050415 0.3654232621192932 0.6723158359527588 0.5939353704452515 0.4906161427497864 0.5368193984031677 0.5745397806167603 0.5395558476448059 0.5958666801452637 0.5440384745597839 0.596237063407898 0.5537397861480713 0.5864611268043518 0.5625900626182556 0.5678308606147766 0.3211365044116974 0.5611846446990967 0.28838884830474854 0.5177965760231018 0.2903256118297577 0.4949604570865631 0.3037578761577606 0.4925975203514099 0.3154938220977783 0.4872824251651764 0.3314136564731598 0.49383679032325745
0.6051417589187622 0.5721789598464966 0.4386196732521057 0.5970456600189209 0.7270330786705017 0.5841041803359985 0.3876428008079529 0.6875532865524292 0.5800579190254211 0.4754957854747772 0.5241354703903198 0.5587055087089539 0.5241457223892212 0.5779129862785339 0.5318893790245056 0.571412980556488 0.544913649559021 0.5558900237083435 0.5547174215316772 0.5424588322639465 0.32875677943229675 0.57192462682724 0.28405052423477173 0.5179300308227539 0.2865615487098694 0.492338091135025 0.3026719093322754 0.49148616194725037 0.3152371346950531 0.48347973823547363 0.33324766159057617 0.4919045567512512
0.6038474440574646 0.5724838376045227 0.4380313754081726 0.5973725914955139 0.6983956098556519 0.5412660837173462 0.39482611417770386 0.6947702765464783 0.0 0.0 0.0 0.0 0.0 0.0 0.0 0.0 0.0 0.0 0.34085413813591003 0.5787470936775208 0.2910953462123871 0.517054557800293 0.2965030074119568 0.49305984377861023 0.3120420575141907 0.49107861518859863 0.32322242856025696 0.4855920076370239 0.33919084072113037 0.4892696142196655
0.6030926704406738 0.5728276371955872 0.43797165155410767 0.5984890460968018 0.6912301778793335 0.526932954788208 0.3953360915184021 0.6950575113296509 0.5486369132995605 0.44234180450439453 0.48192963004112244 0.5090463161468506 0.4818991422653198 0.5378333926200867 0.4900171160697937 0.538806676864624 0.5012807250022888 0.5318565964698792 0.5088314414024353 0.5178366303443909 0.34690505266189575 0.5871197581291199 0.2904044985771179 0.5235820412635803 0.29551348090171814 0.4915226697921753 0.3138303756713867 0.4960981607437134 0.3272205889225006 0.4960210919380188 0.3404422700405121 0.5001653432846069
0.6012706756591797 0.572723388671875 0.4379061162471771 0.5984383225440979 0.6904895305633545 0.5269613265991211 0.41376128792762756 0.764445424079895 0.5471628308296204 0.45004701614379883 0.48834723234176636 0.5189267992973328 0.4910392761230469 0.541777491569519 0.500938355922699 0.5368551015853882 0.5115573406219482 0.5311901569366455 0.5170894861221313 0.5225885510444641 0.3427375555038452 0.5805853605270386 0.29237180948257446 0.5173129439353943 0.2942183017730713 0.48951804637908936 0.3119381070137024 0.4898020029067993 0.32355764508247375 0.4860362112522125 0.33714962005615234 0.4936489760875702
0.6015743613243103 0.5727781653404236 0.4378916323184967 0.5984863042831421 0.6909367442131042 0.5490103363990784 0.3879236578941345 0.7025541663169861 0.0 0.0 0.0 0.0 0.0 0.0 0.0 0.0 0.0 0.0 0.335919052362442 0.5831071138381958 0.2852761447429657 0.5195972919464111 0.2876899540424347 0.4987867474555969 0.3034732937812805 0.4957199990749359 0.3159242272377014 0.48934653401374817 0.33104538917541504 0.4937824308872223
0.6015249490737915 0.5723095536231995 0.43715518712997437 0.5972617864608765 0.6981712579727173 0.5677044987678528 0.37801826000213623 0.6826945543289185 0.5737487077713013 0.5009922385215759 0.5175405740737915 0.5764634609222412 0.5204524993896484 0.6096552610397339 0.5271320939064026 0.613911509513855 0.5349632501602173 0.6073861122131348 0.5435540676116943 0.588470458984375 0.3400889039039612 0.5904625654220581 0.2851470112800598 0.5281269550323486 0.28709864616394043 0.49734389781951904 0.304439902305603 0.49500301480293274 0.3157801032066345 0.48635146021842957 0.33107295632362366 0.4913627803325653
0.601629376411438 0.5732515454292297 0.43682417273521423 0.5973330736160278 0.7121031880378723 0.5811713933944702 0.37112152576446533 0.6737847924232483 0.5835655927658081 0.5138351917266846 0.5288764238357544 0.5882711410522461 0.49583497643470764 0.5665097236633301 0.5339404940605164 0.626460075378418 0.5423431992530823 0.6267500519752502 0.5513578057289124 0.6151447296142578 0.33268120884895325 0.57963627576828 0.28225603699684143 0.5230961441993713 0.28732913732528687 0.5004386901855469 0.30297136306762695 0.49341681599617004 0.3149549067020416 0.48684215545654297 0.32944709062576294 0.49318745732307434
0.6023745536804199 0.5738564729690552 0.4368639886379242 0.59767085313797 0.7241021394729614 0.5862872004508972 0.36327046155929565 0.6527397632598877 0.5944514274597168 0.5203396677970886 0.5370368957519531 0.6047924757003784 0.5403096079826355 0.6442673206329346 0.5468692779541016 0.6488633751869202 0.5529374480247498 0.648649275302887 0.5597492456436157 0.6379379034042358 0.33880868554115295 0.5878685712814331 0.2823524475097656 0.5271634459495544 0.28615427017211914 0.49483999609947205 0.3048061728477478 0.4894830286502838 0.3168298006057739 0.48530447483062744 0.33219245076179504 0.49480152130126953
0.602391242980957 0.5738635063171387 0.4334620535373688 0.5990985631942749 0.7440437078475952 0.5983755588531494 0.35760655999183655 0.6860625147819519 0.0 0.0 0.0 0.0 0.0 0.0 0.0 0.0 0.0 0.0 0.327658087015152 0.5835055708885193 0.2834066152572632 0.5204761028289795 0.2843962609767914 0.4984486401081085 0.29986628890037537 0.5028361678123474 0.31169894337654114 0.49792736768722534 0.32707545161247253 0.49963241815567017
0.6005744338035583 0.5725089311599731 0.4292905926704407 0.5990319848060608 0.7535267472267151 0.6062752604484558 0.354910284280777 0.707241415977478 0.6436915993690491 0.6006954908370972 0.5994877815246582 0.674077033996582 0.6007803082466125 0.7065287828445435 0.611301064491272 0.713281512260437 0.6201301217079163 0.7186113595962524 0.628147304058075 0.7189520001411438 0.33544787764549255 0.5913764238357544 0.2812215983867645 0.5309553742408752 0.2841702103614807 0.4994487464427948 0.3006282150745392 0.5002058148384094 0.3113415241241455 0.4904864728450775 0.326605886220932 0.500589907169342
0.6005338430404663 0.5716748237609863 0.4288458824157715 0.5979105830192566 0.7554225921630859 0.6130217909812927 0.35728174448013306 0.6931707262992859 0.6636949777603149 0.6085924506187439 0.6194888949394226 0.7105726003646851 0.6176280379295349 0.7211341857910156 0.628609836101532 0.7286084890365601 0.6374268531799316 0.7217657566070557 0.647254228591919 0.7021918892860413 0.3273169994354248 0.5842133164405823 0.28383785486221313 0.5174922943115234 0.2852591574192047 0.504194438457489 0.3013956844806671 0.5026432275772095 0.3135026693344116 0.49918925762176514 0.32680410146713257 0.5051375031471252
0.6001342535018921 0.5678120851516724 0.42911404371261597 0.5951935052871704 0.7543965578079224 0.6208333373069763 0.35937491059303284 0.6922891139984131 0.6745880246162415 0.6106149554252625 0.6260862350463867 0.6947603821754456 0.62419593334198 0.7262911796569824 0.6350103616714478 0.7412240505218506 0.6448664665222168 0.7459957599639893 0.655758261680603 0.7334483861923218 0.33553263545036316 0.5945953130722046 0.2832839787006378 0.5291348099708557 0.2836734354496002 0.5015162825584412 0.29951903223991394 0.5008127093315125 0.31025710701942444 0.49238505959510803 0.32475823163986206 0.5002700686454773
0.600100040435791 0.5678724646568298 0.42925944924354553 0.5950722098350525 0.754109799861908 0.6242542266845703 0.39306676387786865 0.7681557536125183 0.6595328450202942 0.6006163358688354 0.6104423403739929 0.6766070127487183 0.6111166477203369 0.6919870972633362 0.6201554536819458 0.6966243982315063 0.6313243508338928 0.6972737908363342 0.6399760842323303 0.6929625272750854 0.31905001401901245 0.5739337801933289 0.28150978684425354 0.5180679559707642 0.2819422483444214 0.5044093132019043 0.29594531655311584 0.5000747442245483 0.3089301288127899 0.4951319992542267 0.323678582906723 0.5003520846366882
0.6009657979011536 0.5685042142868042 0.42938166856765747 0.5951133966445923 0.751706063747406 0.6195293664932251 0.3772377371788025 0.7547546625137329 0.617221474647522 0.5616006851196289 0.5687522888183594 0.6460022926330566 0.570003092288971 0.6422279477119446 0.5812325477600098 0.643319845199585 0.5900648832321167 0.6426154375076294 0.5982986688613892 0.6390877962112427 0.33231741189956665 0.578572690486908 0.28584179282188416 0.5155904293060303 0.2873914837837219 0.498801052570343 0.3043041229248047 0.500470757484436 0.31772735714912415 0.49746450781822205 0.33246099948883057 0.5022168755531311
0.6029962301254272 0.568533182144165 0.4317302107810974 0.5962387323379517 0.7487622499465942 0.6172413229942322 0.40382757782936096 0.7857809066772461 0.6154829263687134 0.5467800498008728 0.5561429858207703 0.6358747482299805 0.5626699328422546 0.6582565307617188 0.5753275156021118 0.6716545224189758 0.5811780691146851 0.6702007055282593 0.5853213667869568 0.6581642627716064 0.34159359335899353 0.5864021182060242 0.2886095941066742 0.521213948726654 0.29054880142211914 0.4921659827232361 0.30924850702285767 0.48689645528793335 0.32047516107559204 0.4849383234977722 0.3341527581214905 0.493844598531723
0.6039195656776428 0.5689269304275513 0.43433278799057007 0.5962599515914917 0.742741584777832 0.6138089299201965 0.3979744613170624 0.7802975177764893 0.6064895391464233 0.519999623298645 0.5494569540023804 0.6039551496505737 0.5555795431137085 0.627551794052124 0.5610588192939758 0.6398178935050964 0.565065860748291 0.6448639631271362 0.5707001090049744 0.6369568705558777 0.3454138934612274 0.5916640758514404 0.2897893786430359 0.5239651799201965 0.29041504859924316 0.49129098653793335 0.30873510241508484 0.4874618649482727 0.31895431876182556 0.4801042675971985 0.3334091305732727 0.49037766456604004
0.6039062142372131 0.5698240995407104 0.4345131814479828 0.5963065028190613 0.7209244966506958 0.5878711938858032 0.40090736746788025 0.7725041508674622 0.5761162042617798 0.4650278389453888 0.5095060467720032 0.5498661398887634 0.5141893625259399 0.5702652931213379 0.521692156791687 0.5698695778846741 0.5297800898551941 0.5659439563751221 0.5361253023147583 0.5566188097000122 0.34934738278388977 0.5904203057289124 0.29310014843940735 0.520693302154541 0.29491883516311646 0.4898475706577301 0.31128841638565063 0.4885590374469757 0.3209875822067261 0.48066484928131104 0.33574339747428894 0.4934629797935486
0.6038947701454163 0.5701614618301392 0.43474212288856506 0.59657883644104 0.709159791469574 0.5683579444885254 0.39927905797958374 0.7536657452583313 0.5671797394752502 0.45643505454063416 0.5059266090393066 0.554219126701355 0.5109215378761292 0.5578354597091675 0.5160138010978699 0.5560204386711121 0.5237472057342529 0.5495628118515015 0.5311923027038574 0.5393961668014526 0.3520415723323822 0.5945525765419006 0.29479143023490906 0.5218856334686279 0.2931075096130371 0.4920702278614044 0.31131142377853394 0.48660677671432495 0.3201932907104492 0.4791749119758606 0.3350789546966553 0.48269906640052795
0.6025912761688232 0.5715243220329285 0.4348197877407074 0.5982156991958618 0.6908357739448547 0.5444716811180115 0.4141797125339508 0.7762505412101746 0.0 0.0 0.0 0.0 0.0 0.0 0.0 0.0 0.0 0.0 0.3483268618583679 0.5809645056724548 0.2939406931400299 0.5125777125358582 0.29697737097740173 0.48761385679244995 0.3146967589855194 0.48464205861091614 0.3262648284435272 0.47959646582603455 0.33984455466270447 0.4902492165565491
0.6018701195716858 0.5744540095329285 0.4348129332065582 0.6008822321891785 0.6843030452728271 0.5274284482002258 0.41543394327163696 0.7745440006256104 0.5461439490318298 0.44498568773269653 0.47772935032844543 0.5078357458114624 0.48889636993408203 0.5330229997634888 0.4978282153606415 0.5331712961196899 0.5069072246551514 0.5280918478965759 0.5068578124046326 0.5184340476989746 0.3521305024623871 0.5907739400863647 0.2975289523601532 0.5217264890670776 0.2959599792957306 0.48983967304229736 0.31392979621887207 0.4893297553062439 0.32394954562187195 0.4793347716331482 0.3388694226741791 0.4866468608379364
0.600980281829834 0.5751977562904358 0.4350918233394623 0.6012869477272034 0.6838720440864563 0.520572304725647 0.4116054177284241 0.7428490519523621 0.5407370328903198 0.4395039677619934 0.47663429379463196 0.5017446875572205 0.47273966670036316 0.5273246169090271 0.4860595762729645 0.5267170667648315 0.4978354275226593 0.517619788646698 0.5019334554672241 0.507075309753418 0.3482363522052765 0.5814064741134644 0.3003656268119812 0.5064767599105835 0.2987741231918335 0.4884856939315796 0.31635230779647827 0.49243512749671936 0.3273675739765167 0.4846233129501343 0.3408610224723816 0.4920990467071533
0.6010885238647461 0.5751526951789856 0.43571552634239197 0.6013737320899963 0.6905736327171326 0.5314647555351257 0.41576704382896423 0.7681284546852112 0.0 0.0 0.0 0.0 0.0 0.0 0.0 0.0 0.0 0.0 0.3481428623199463 0.5914286375045776 0.29383641481399536 0.5232455134391785 0.2948589324951172 0.4879562556743622 0.31156235933303833 0.4841022491455078 0.32115963101387024 0.4757790267467499 0.3380536437034607 0.48547202348709106
0.6013611555099487 0.5750730633735657 0.4362057149410248 0.6013635396957397 0.6937402486801147 0.5368947982788086 0.4132588505744934 0.7520368099212646 0.5515794157981873 0.46870115399360657 0.4980330169200897 0.5570887327194214 0.5005981922149658 0.5624383687973022 0.5078232288360596 0.5617660284042358 0.5183749794960022 0.5522776246070862 0.5287082195281982 0.5384151935577393 0.34564685821533203 0.585157036781311 0.28960469365119934 0.5182125568389893 0.2932848632335663 0.48751118779182434 0.3108697533607483 0.4856480062007904 0.32249265909194946 0.4810856282711029 0.33663010597229004 0.4922710657119751
0.6013709306716919 0.5747150182723999 0.4365447461605072 0.6013587117195129 0.6999688148498535 0.5437357425689697 0.4192274212837219 0.7823504209518433 0.5637561678886414 0.4778626561164856 0.5075819492340088 0.5439376831054688 0.5045579671859741 0.5780402421951294 0.5115854144096375 0.5811367034912109 0.5198990106582642 0.5829493999481201 0.5273367762565613 0.5782645344734192 0.3474619388580322 0.5931967496871948 0.2914676368236542 0.522007405757904 0.2909115254878998 0.4886367917060852 0.30948904156684875 0.48680630326271057 0.3199635446071625 0.47906655073165894 0.33532074093818665 0.4862608015537262
0.6012747883796692 0.5743274092674255 0.4367821216583252 0.5987129211425781 0.7080692052841187 0.5592396855354309 0.3903765082359314 0.6997454166412354 0.5746421813964844 0.49258753657341003 0.5182675719261169 0.5584008693695068 0.5141116976737976 0.5885895490646362 0.5215296745300293 0.5864529609680176 0.5332409143447876 0.5777587890625 0.5447028875350952 0.5640837550163269 0.34381288290023804 0.5814123153686523 0.29007917642593384 0.5146774053573608 0.29312342405319214 0.48725250363349915 0.31002166867256165 0.485470712184906 0.3223688304424286 0.4809512794017792 0.3371981978416443 0.49293971061706543
0.6031585931777954 0.5731515288352966 0.43681591749191284 0.5949674844741821 0.7400181889533997 0.5905277729034424 0.36663785576820374 0.6883505582809448 0.6258087754249573 0.5723541975021362 0.5797775387763977 0.6671997904777527 0.5814074277877808 0.6831170320510864 0.5921695232391357 0.6880216598510742 0.6016290187835693 0.6883470416069031 0.6094851493835449 0.6802792549133301 0.0 0.0 0.0 0.0 0.0 0.0 0.0 0.0 0.0 0.0
0.6034437417984009 0.5725277662277222 0.4361323416233063 0.5922244787216187 0.7512620091438293 0.6005843877792358 0.36276525259017944 0.6992522478103638 0.6430301070213318 0.5864722728729248 0.5940706729888916 0.6688336133956909 0.5886298418045044 0.6990254521369934 0.5977274775505066 0.7055251002311707 0.6078590750694275 0.7077814340591431 0.6207845211029053 0.7002546191215515 0.3395695686340332 0.5814678072929382 0.2852417528629303 0.521725594997406 0.2904210388660431 0.4890684187412262 0.3070201873779297 0.48780104517936707 0.3196447491645813 0.48247843980789185 0.33331188559532166 0.49079030752182007
0.6034511923789978 0.5714582800865173 0.43545976281166077 0.589779257774353 0.756807804107666 0.6090710759162903 0.3591710925102234 0.7020219564437866 0.6570830345153809 0.5954590439796448 0.6096708178520203 0.7002561092376709 0.6153981685638428 0.7349936962127686 0.6257126331329346 0.7392866611480713 0.6321082711219788 0.7315083146095276 0.6388726234436035 0.716529905796051 0.0 0.0 0.0 0.0 0.0 0.0 0.0 0.0 0.0 0.0
0.6033409237861633 0.5682098865509033 0.43533554673194885 0.5879709124565125 0.7553128004074097 0.6159241795539856 0.3970147967338562 0.775459349155426 0.6743307113647461 0.6141781806945801 0.6243450045585632 0.7126248478889465 0.6252492666244507 0.736872673034668 0.6385590434074402 0.7474433779716492 0.6476497650146484 0.7398411631584167 0.6591027975082397 0.721553385257721 0.33672475814819336 0.580011248588562 0.28505367040634155 0.5181019902229309 0.28854525089263916 0.49581214785575867 0.3042739927768707 0.500135064125061 0.3177269995212555 0.4954894483089447 0.33129820227622986 0.4964861571788788
0.6039520502090454 0.5686317682266235 0.43566370010375977 0.5889006853103638 0.758263349533081 0.6224836707115173 0.40392985939979553 0.7830977439880371 0.6502565741539001 0.6099445223808289 0.6049619913101196 0.6968790292739868 0.6060922145843506 0.7108394503593445 0.617164134979248 0.7073475122451782 0.6274542212486267 0.7079998850822449 0.63753342628479 0.7036859393119812 0.3433001637458801 0.588316798210144 0.2898140549659729 0.5214107036590576 0.2885628938674927 0.48895731568336487 0.30627062916755676 0.48513975739479065 0.3167469799518585 0.47850677371025085 0.3326690196990967 0.4920181930065155
0.6043814420700073 0.5688331127166748 0.43586426973342896 0.5893256664276123 0.7590696215629578 0.624479353427887 0.39930209517478943 0.746128261089325 0.6562110781669617 0.6025571227073669 0.6058209538459778 0.6919102072715759 0.6075298190116882 0.7139754891395569 0.6182915568351746 0.7093112468719482 0.6297743916511536 0.7070258259773254 0.6393447518348694 0.7017058730125427 0.34474706649780273 0.5925544500350952 0.29264941811561584 0.5231585502624512 0.2895227372646332 0.48953551054000854 0.30717021226882935 0.4878905713558197 0.3179636597633362 0.4824049472808838 0.33298641443252563 0.49092981219291687
0.6046415567398071 0.5692081451416016 0.43636655807495117 0.5894631743431091 0.7586413621902466 0.6227509379386902 0.39493462443351746 0.724336564540863 0.6342850923538208 0.5976575613021851 0.5893877744674683 0.6727350354194641 0.5944910645484924 0.6839917898178101 0.6065642833709717 0.6926173567771912 0.6169105768203735 0.7032493352890015 0.6278128623962402 0.7142537236213684 0.3400828242301941 0.578311562538147 0.2914682626724243 0.5126194357872009 0.2932542860507965 0.4893076419830322 0.3090441823005676 0.4850600063800812 0.3219853341579437 0.4814906120300293 0.3358728587627411 0.4889765679836273
0.6050251722335815 0.5713376998901367 0.4380336403846741 0.5903274416923523 0.7559949159622192 0.6203361749649048 0.40735310316085815 0.7748438715934753 0.6207302212715149 0.579611599445343 0.5743643045425415 0.6680404543876648 0.5848698616027832 0.665080726146698 0.5934850573539734 0.6605374813079834 0.60081946849823 0.6568717360496521 0.6088263392448425 0.6513858437538147 0.3466106057167053 0.5865428447723389 0.29453104734420776 0.5173218846321106 0.2945680320262909 0.48533475399017334 0.3111777901649475 0.4862896203994751 0.32299935817718506 0.48297983407974243 0.33759239315986633 0.49397045373916626
0.6069880127906799 0.5731624364852905 0.44043031334877014 0.5972908735275269 0.7506005764007568 0.6190521717071533 0.4052913188934326 0.7346819639205933 0.6144408583641052 0.530110776424408 0.5549028515815735 0.6079093217849731 0.5587608814239502 0.6394298672676086 0.5653445720672607 0.6446843147277832 0.5715652108192444 0.642291247844696 0.5776770114898682 0.6265575289726257 0.3446442782878876 0.575805127620697 0.29599061608314514 0.507098376750946 0.29665935039520264 0.48342254757881165 0.31329938769340515 0.4783674478530884 0.32540327310562134 0.4741593301296234 0.3390544056892395 0.4866519272327423
0.6069342494010925 0.574824333190918 0.44034019112586975 0.5980175137519836 0.721659243106842 0.591469943523407 0.4036053717136383 0.6883784532546997 0.574472188949585 0.4679381847381592 0.5089225769042969 0.5575518012046814 0.5088052153587341 0.5791040062904358 0.5172688364982605 0.5811711549758911 0.5283598303794861 0.5780801773071289 0.5348408222198486 0.5682430863380432 0.3411099910736084 0.5684211254119873 0.2959773540496826 0.5052448511123657 0.2997280955314636 0.479042112827301 0.31544774770736694 0.4786168336868286 0.3273857533931732 0.4783478081226349 0.3422647714614868 0.4866657555103302
0.6068741083145142 0.5747506022453308 0.44027525186538696 0.5984182357788086 0.7115995287895203 0.5740898251533508 0.40120410919189453 0.6823983192443848 0.5715295672416687 0.4615437984466553 0.5065151453018188 0.5463003516197205 0.5050046443939209 0.5655385255813599 0.5163259506225586 0.5604151487350464 0.5262455940246582 0.5512150526046753 0.5355233550071716 0.5398457646369934 0.34873533248901367 0.5774866342544556 0.29529786109924316 0.5130832195281982 0.2994312345981598 0.4841877222061157 0.3143826127052307 0.4817941188812256 0.3270278871059418 0.4794853627681732 0.3429654538631439 0.4924725294113159
0.6068384051322937 0.574739396572113 0.44099879264831543 0.5996289849281311 0.7056048512458801 0.5614438652992249 0.39570754766464233 0.6808266639709473 0.5635908842086792 0.4572758078575134 0.5031339526176453 0.5430209636688232 0.4989887773990631 0.5623164176940918 0.5073012709617615 0.5615086555480957 0.5197057723999023 0.5548601746559143 0.530213475227356 0.5390633344650269 0.34668686985969543 0.5733234882354736 0.2983908951282501 0.5090566277503967 0.3012825846672058 0.4839162230491638 0.31684041023254395 0.48429280519485474 0.3278875946998596 0.47919321060180664 0.3423061966896057 0.49024394154548645
0.6063916683197021 0.5734561085700989 0.44213318824768066 0.598369836807251 0.6955567598342896 0.5467858910560608 0.40063872933387756 0.6958743929862976 0.551183819770813 0.4470456838607788 0.4964982867240906 0.5354546308517456 0.48846903443336487 0.5485929250717163 0.5011020302772522 0.546249508857727 0.5176342725753784 0.5367164611816406 0.5238778591156006 0.5271281003952026 0.34980958700180054 0.5862630009651184 0.29332196712493896 0.5202701091766357 0.2990788221359253 0.4847668707370758 0.31399208307266235 0.4798738658428192 0.3239150643348694 0.4737239181995392 0.3406735062599182 0.4862060248851776
0.6062065958976746 0.5732330083847046 0.4423736035823822 0.5968194007873535 0.6937726736068726 0.5437105298042297 0.40283483266830444 0.7047424912452698 0.5490183234214783 0.4473128318786621 0.4960457682609558 0.5239327549934387 0.48306357860565186 0.5405453443527222 0.49876564741134644 0.5439956784248352 0.5141634345054626 0.5296695828437805 0.5237836241722107 0.526391863822937 0.3407813608646393 0.5788806676864624 0.2954801619052887 0.5087979435920715 0.2975460886955261 0.48699599504470825 0.31251978874206543 0.4872698485851288 0.3242030739784241 0.4832840859889984 0.33933719992637634 0.4893185794353485
0.6059142351150513 0.5731481313705444 0.4424160420894623 0.5965452790260315 0.69225013256073 0.5430065989494324 0.4067801535129547 0.7216998338699341 0.5477513074874878 0.4478946924209595 0.49633675813674927 0.5226833820343018 0.48229333758354187 0.5418234467506409 0.4922355115413666 0.5516690015792847 0.507522463798523 0.5395404696464539 0.5207302570343018 0.5308524370193481 0.3479759693145752 0.5864563584327698 0.295318603515625 0.517346203327179 0.29566603899002075 0.4866149425506592 0.3121747374534607 0.4877840280532837 0.32382288575172424 0.48303142189979553 0.33938950300216675 0.49184951186180115
0.6058099269866943 0.5730708837509155 0.44237709045410156 0.5963939428329468 0.6918568015098572 0.5429176092147827 0.4068138599395752 0.7260674238204956 0.546920120716095 0.44758573174476624 0.4974156618118286 0.5234659910202026 0.4819386899471283 0.5427019000053406 0.49123430252075195 0.5542125105857849 0.5073565244674683 0.5442270040512085 0.5218433737754822 0.5323297381401062 0.34066757559776306 0.5788458585739136 0.29467102885246277 0.5109623074531555 0.29539966583251953 0.48979711532592773 0.31194907426834106 0.49084827303886414 0.3239169418811798 0.4867817461490631 0.3384764790534973 0.4963679611682892
0.6050962805747986 0.57216876745224 0.44235482811927795 0.5957587957382202 0.6924196481704712 0.5436369180679321 0.40620607137680054 0.7271003127098083 0.5452739596366882 0.4503675401210785 0.48757582902908325 0.5184153914451599 0.48027878999710083 0.5459749698638916 0.4882563650608063 0.5608211755752563 0.4998857378959656 0.5546581745147705 0.5164762735366821 0.534549355506897 0.3471396565437317 0.5894743800163269 0.2919522225856781 0.5223175287246704 0.2954047620296478 0.49175122380256653 0.312469482421875 0.494591623544693 0.3253084719181061 0.49029162526130676 0.3390404284000397 0.49549153447151184
0.604414701461792 0.5715040564537048 0.4420998990535736 0.595684826374054 0.6923412680625916 0.5450875759124756 0.40857309103012085 0.7626527547836304 0.5437659025192261 0.45171821117401123 0.4906969368457794 0.5195242762565613 0.4798451066017151 0.5430074334144592 0.49120432138442993 0.5574527978897095 0.501074492931366 0.5563833117485046 0.5165399312973022 0.5396827459335327 0.34102684259414673 0.5852160453796387 0.29262998700141907 0.5208653807640076 0.2941574454307556 0.4915105700492859 0.3116202652454376 0.49084874987602234 0.3238103687763214 0.4873907268047333 0.3364771008491516 0.49646687507629395
0.6037970185279846 0.5708162188529968 0.4420170187950134 0.5940945148468018 0.6923342943191528 0.5460377931594849 0.3941374719142914 0.7116955518722534 0.5445794463157654 0.45150136947631836 0.4934220314025879 0.5232901573181152 0.48117750883102417 0.5422688722610474 0.48976123332977295 0.5578092336654663 0.4998844265937805 0.5591885447502136 0.5153652429580688 0.5433914065361023 0.3379397392272949 0.5809007287025452 0.29146522283554077 0.5204047560691833 0.2944159209728241 0.4924537241458893 0.31141048669815063 0.49042415618896484 0.32263779640197754 0.4873994290828705 0.33644652366638184 0.49671176075935364
0.6033632159233093 0.5702037215232849 0.44160395860671997 0.5939469933509827 0.693378210067749 0.5469810366630554 0.401237428188324 0.7545014023780823 0.5451185703277588 0.4508259892463684 0.4904130697250366 0.5136562585830688 0.4822303056716919 0.5411632061004639 0.4906657934188843 0.5551607012748718 0.49988415837287903 0.5550681948661804 0.5129781365394592 0.5418930649757385 0.33379432559013367 0.5761566162109375 0.2901797890663147 0.515601396560669 0.29310959577560425 0.4978099465370178 0.30997446179389954 0.5014556050300598 0.3228689730167389 0.4970654845237732 0.3372691869735718 0.5026636123657227
0.6030064821243286 0.5684385895729065 0.4415869116783142 0.5939285159111023 0.6937342882156372 0.5499457120895386 0.4177621901035309 0.7878378033638 0.5474748015403748 0.4510555565357208 0.49203941226005554 0.5115671753883362 0.48162344098091125 0.537330150604248 0.4904756546020508 0.5516458749771118 0.5013912320137024 0.5503895282745361 0.5162286162376404 0.5363768935203552 0.3422059416770935 0.5930935144424438 0.29380908608436584 0.5286547541618347 0.28927651047706604 0.5133929252624512 0.31462281942367554 0.5181278586387634 0.32860827445983887 0.5170535445213318 0.34031039476394653 0.5183238983154297
0.6044431924819946 0.5687585473060608 0.4415964186191559 0.5721895694732666 0.7037950158119202 0.6899269819259644 0.35608676075935364 0.6713660955429077 0.0 0.0 0.0 0.0 0.0 0.0 0.0 0.0 0.0 0.0 0.0 0.0 0.0 0.0 0.0 0.0 0.0 0.0 0.0 0.0
0.6051745414733887 0.5687624216079712 0.43870940804481506 0.5582028031349182 0.7058025002479553 0.7667515873908997 0.32655075192451477 0.6751905083656311 0.0 0.0 0.0 0.0 0.0 0.0 0.0 0.0 0.0 0.0 0.0 0.0 0.0 0.0 0.0 0.0 0.0 0.0 0.0 0.0
0.6067175269126892 0.5710744857788086 0.4360175132751465 0.5609319806098938 0.7056073546409607 0.794948160648346 0.3143107295036316 0.6849397420883179 0.0 0.0 0.0 0.0 0.0 0.0 0.0 0.0 0.0 0.0 0.2858734726905823 0.6556134819984436 0.19761310517787933 0.5996044874191284 0.1512487530708313 0.6556061506271362 0.15101316571235657 0.6517745852470398 0.17224657535552979 0.635180652141571 0.22005651891231537 0.5956952571868896
0.6068996787071228 0.5752078294754028 0.4351344704627991 0.5637711882591248 0.6976662874221802 0.7771404981613159 0.32326987385749817 0.6596314311027527 0.0 0.0 0.0 0.0 0.0 0.0 0.0 0.0 0.0 0.0 0.2766062021255493 0.6712173223495483 0.18795597553253174 0.6023338437080383 0.15006235241889954 0.6424756050109863 0.21179741621017456 0.6148571372032166 0.2397160530090332 0.6114882826805115 0.25415733456611633 0.6070863604545593
0.6084991693496704 0.5759165287017822 0.433936208486557 0.566422700881958 0.6914652585983276 0.7828668355941772 0.3219216465950012 0.670750617980957 0.0 0.0 0.0 0.0 0.0 0.0 0.0 0.0 0.0 0.0 0.24643942713737488 0.6632546782493591 0.17498882114887238 0.613360583782196 0.11511819064617157 0.6644192934036255 0.1101851835846901 0.6713008284568787 0.12466450035572052 0.6625329256057739 0.16809067130088806 0.6284874677658081
0.6087505221366882 0.5760939121246338 0.40890175104141235 0.5947525501251221 0.6650052070617676 0.8431695103645325 0.31154191493988037 0.7285802960395813 0.0 0.0 0.0 0.0 0.0 0.0 0.0 0.0 0.0 0.0 0.23332001268863678 0.7262092232704163 0.15161120891571045 0.610343337059021 0.10889375954866409 0.627618134021759 0.11974594742059708 0.6224945783615112 0.1848525106906891 0.635504961013794 0.20568779110908508 0.6595730781555176
0.6087431311607361 0.5740494728088379 0.4042526185512543 0.5950265526771545 0.6562060117721558 0.8454006910324097 0.3188890814781189 0.7671982049942017 0.0 0.0 0.0 0.0 0.0 0.0 0.0 0.0 0.0 0.0 0.22462788224220276 0.7470313310623169 0.15441587567329407 0.6125594973564148 0.09972500056028366 0.6195957660675049 0.16462711989879608 0.6361189484596252 0.19505882263183594 0.6805136799812317 0.21147234737873077 0.6889703869819641
0.6080780625343323 0.5729871392250061 0.4009109139442444 0.5951869487762451 0.6509723663330078 0.8575358986854553 0.32242780923843384 0.813016951084137 0.0 0.0 0.0 0.0 0.0 0.0 0.0 0.0 0.0 0.0 0.2253750115633011 0.7517474293708801 0.15469130873680115 0.6095659136772156 0.09822242707014084 0.5985511541366577 0.1709287017583847 0.6498841643333435 0.203695148229599 0.6927272081375122 0.21277247369289398 0.7014364004135132
0.6097268462181091 0.5759953260421753 0.3818558156490326 0.6063796877861023 0.6582870483398438 0.9169136881828308 0.32380539178848267 0.8934046626091003 0.0 0.0 0.0 0.0 0.0 0.0 0.0 0.0 0.0 0.0 0.20597288012504578 0.8375958800315857 0.1534755527973175 0.6478611826896667 0.1615632176399231 0.7081038951873779 0.17765939235687256 0.7668359279632568 0.18600064516067505 0.7941097617149353 0.18406784534454346 0.8150201439857483
0.6104778051376343 0.5766828060150146 0.37576836347579956 0.6076216697692871 0.6627835035324097 0.9318028092384338 0.3069530427455902 0.9403638243675232 0.0 0.0 0.0 0.0 0.0 0.0 0.0 0.0 0.0 0.0 0.19866007566452026 0.8856229782104492 0.1600094884634018 0.6753035187721252 0.15893495082855225 0.7415355443954468 0.18465612828731537 0.8124197125434875 0.18642383813858032 0.8469810485839844 0.17924194037914276 0.8660297393798828
0.6118414402008057 0.5758206844329834 0.3723365366458893 0.6063647270202637 0.6635264754295349 0.9239116907119751 0.2970966398715973 0.9531847834587097 0.0 0.0 0.0 0.0 0.0 0.0 0.0 0.0 0.0 0.0 0.20147311687469482 0.9168922901153564 0.16411523520946503 0.699145495891571 0.15145856142044067 0.7616744637489319 0.18439307808876038 0.8436179161071777 0.18799877166748047 0.882248044013977 0.18117307126522064 0.9081276655197144
0.6147671937942505 0.5744474530220032 0.37153735756874084 0.6050755381584167 0.6699022054672241 0.9331978559494019 0.2992507219314575 0.9411938786506653 0.0 0.0 0.0 0.0 0.0 0.0 0.0 0.0 0.0 0.0 0.2031157910823822 0.9464397430419922 0.17112448811531067 0.7295786738395691 0.16329921782016754 0.8035094141960144 0.1889464557170868 0.8961001634597778 0.1873200535774231 0.9240954518318176 0.18468260765075684 0.9485984444618225
0.6325613260269165 0.5247666835784912 0.3654181659221649 0.582842230796814 0.6962448358535767 0.9133297204971313 0.3064936399459839 0.9259884357452393 0.0 0.0 0.0 0.0 0.0 0.0 0.0 0.0 0.0 0.0 0.0 0.0 0.0 0.0 0.0 0.0 0.0 0.0 0.0 0.0
0.6404808759689331 0.5037418603897095 0.36514905095100403 0.5576754808425903 0.7107120752334595 0.9132410883903503 0.30915752053260803 0.9151400327682495 0.0 0.0 0.0 0.0 0.0 0.0 0.0 0.0 0.0 0.0 0.0 0.0 0.0 0.0 0.0 0.0 0.0 0.0 0.0 0.0
0.6459129452705383 0.4876386523246765 0.36621057987213135 0.5396130681037903 0.7199862003326416 0.9151761531829834 0.31365010142326355 0.9223157167434692 0.0 0.0 0.0 0.0 0.0 0.0 0.0 0.0 0.0 0.0 0.0 0.0 0.0 0.0 0.0 0.0 0.0 0.0 0.0 0.0
0.6498804092407227 0.4751507341861725 0.3673259913921356 0.5249229669570923 0.7249453663825989 0.904513955116272 0.32024213671684265 0.9139254093170166 0.0 0.0 0.0 0.0 0.0 0.0 0.0 0.0 0.0 0.0 0.0 0.0 0.0 0.0 0.0 0.0 0.0 0.0 0.0 0.0
0.6691232323646545 0.4546729326248169 0.3684069514274597 0.4943179786205292 0.7267279028892517 0.8982598185539246 0.32191017270088196 0.9175459146499634 0.0 0.0 0.0 0.0 0.0 0.0 0.0 0.0 0.0 0.0 0.0 0.0 0.0 0.0 0.0 0.0 0.0 0.0 0.0 0.0
0.6761981844902039 0.44566184282302856 0.36782580614089966 0.48160284757614136 0.7248072028160095 0.8899708390235901 0.32386279106140137 0.9153757691383362 0.0 0.0 0.0 0.0 0.0 0.0 0.0 0.0 0.0 0.0 0.0 0.0 0.0 0.0 0.0 0.0 0.0 0.0 0.0 0.0
0.6800941824913025 0.44733691215515137 0.36880338191986084 0.47117894887924194 0.7257463335990906 0.8891592025756836 0.3265957236289978 0.9118921160697937 0.0 0.0 0.0 0.0 0.0 0.0 0.0 0.0 0.0 0.0 0.0 0.0 0.0 0.0 0.0 0.0 0.0 0.0 0.0 0.0
0.6892315149307251 0.4484325349330902 0.3625331521034241 0.4626708924770355 0.724707841873169 0.8972905278205872 0.32348138093948364 0.9147122502326965 0.0 0.0 0.0 0.0 0.0 0.0 0.0 0.0 0.0 0.0 0.0 0.0 0.0 0.0 0.0 0.0 0.0 0.0 0.0 0.0
0.6916880011558533 0.4451044797897339 0.35648852586746216 0.46590426564216614 0.725507378578186 0.8911215662956238 0.32131409645080566 0.9120244979858398 0.0 0.0 0.0 0.0 0.0 0.0 0.0 0.0 0.0 0.0 0.0 0.0 0.0 0.0 0.0 0.0 0.0 0.0 0.0 0.0
0.6925292015075684 0.44241636991500854 0.35190898180007935 0.4637302756309509 0.7237802743911743 0.887545108795166 0.3194209933280945 0.9089991450309753 0.0 0.0 0.0 0.0 0.0 0.0 0.0 0.0 0.0 0.0 0.0 0.0 0.0 0.0 0.0 0.0 0.0 0.0 0.0 0.0
0.6926957368850708 0.4384098947048187 0.3441762924194336 0.46785011887550354 0.7230814695358276 0.8827089667320251 0.3177129626274109 0.9086657166481018 0.0 0.0 0.0 0.0 0.0 0.0 0.0 0.0 0.0 0.0 0.0 0.0 0.0 0.0 0.0 0.0 0.0 0.0 0.0 0.0
0.6883365511894226 0.43425649404525757 0.3167562484741211 0.4702061116695404 0.7101456522941589 0.8825039267539978 0.305001437664032 0.9119894504547119 0.0 0.0 0.0 0.0 0.0 0.0 0.0 0.0 0.0 0.0 0.0 0.0 0.0 0.0 0.0 0.0 0.0 0.0 0.0 0.0
0.687602162361145 0.4346342384815216 0.3025133013725281 0.4722827970981598 0.6993703842163086 0.8907774090766907 0.29701733589172363 0.9298638105392456 0.0 0.0 0.0 0.0 0.0 0.0 0.0 0.0 0.0 0.0 0.0 0.0 0.0 0.0 0.0 0.0 0.0 0.0 0.0 0.0
0.6844595670700073 0.4334377646446228 0.2940763533115387 0.472073495388031 0.6927137970924377 0.891919732093811 0.2907949686050415 0.9357743263244629 0.0 0.0 0.0 0.0 0.0 0.0 0.0 0.0 0.0 0.0 0.0 0.0 0.0 0.0 0.0 0.0 0.0 0.0 0.0 0.0
0.6465860605239868 0.41214895248413086 0.26156535744667053 0.4733996093273163 0.6814188957214355 0.8826563358306885 0.28002986311912537 0.9345561265945435 0.0 0.0 0.0 0.0 0.0 0.0 0.0 0.0 0.0 0.0 0.0 0.0 0.0 0.0 0.0 0.0 0.0 0.0 0.0 0.0
0.6269639134407043 0.39593684673309326 0.2522401213645935 0.47399619221687317 0.6732351779937744 0.8725354671478271 0.26626691222190857 0.9335700273513794 0.0 0.0 0.0 0.0 0.0 0.0 0.0 0.0 0.0 0.0 0.0 0.0 0.0 0.0 0.0 0.0 0.0 0.0 0.0 0.0
0.6149803996086121 0.388754278421402 0.24552083015441895 0.47439873218536377 0.6628615856170654 0.8580474257469177 0.25882238149642944 0.9343632459640503 0.0 0.0 0.0 0.0 0.0 0.0 0.0 0.0 0.0 0.0 0.0 0.0 0.0 0.0 0.0 0.0 0.0 0.0 0.0 0.0
0.6079636812210083 0.39154142141342163 0.239765927195549 0.4755368232727051 0.6443275213241577 0.8609626889228821 0.25722306966781616 0.9397249221801758 0.0 0.0 0.0 0.0 0.0 0.0 0.0 0.0 0.0 0.0 0.0 0.0 0.0 0.0 0.0 0.0 0.0 0.0 0.0 0.0
0.5791195631027222 0.39089176058769226 0.2187386453151703 0.47420448064804077 0.5942033529281616 0.8788725733757019 0.24482059478759766 0.9327472448348999 0.0 0.0 0.0 0.0 0.0 0.0 0.0 0.0 0.0 0.0 0.0 0.0 0.0 0.0 0.0 0.0 0.0 0.0 0.0 0.0
0.568964958190918 0.3917936086654663 0.20772404968738556 0.47473055124282837 0.5795398950576782 0.8900306820869446 0.24055776000022888 0.9323926568031311 0.0 0.0 0.0 0.0 0.0 0.0 0.0 0.0 0.0 0.0 0.0 0.0 0.0 0.0 0.0 0.0 0.0 0.0 0.0 0.0
0.5615626573562622 0.3919614553451538 0.20359346270561218 0.47267651557922363 0.5686506032943726 0.89488685131073 0.24421925842761993 0.9319448471069336 0.0 0.0 0.0 0.0 0.0 0.0 0.0 0.0 0.0 0.0 0.0 0.0 0.0 0.0 0.0 0.0 0.0 0.0 0.0 0.0
0.5545739531517029 0.39112162590026855 0.19653624296188354 0.4684879779815674 0.5624491572380066 0.8941674828529358 0.2402651011943817 0.9210701584815979 0.0 0.0 0.0 0.0 0.0 0.0 0.0 0.0 0.0 0.0 0.0 0.0 0.0 0.0 0.0 0.0 0.0 0.0 0.0 0.0
0.53889000415802 0.39116668701171875 0.1758553683757782 0.4717729389667511 0.5483399629592896 0.8936569094657898 0.22764065861701965 0.9236589074134827 0.0 0.0 0.0 0.0 0.0 0.0 0.0 0.0 0.0 0.0 0.0 0.0 0.0 0.0 0.0 0.0 0.0 0.0 0.0 0.0
0.5318316221237183 0.3921494781970978 0.17661359906196594 0.4720769226551056 0.5464695692062378 0.8996174931526184 0.22619029879570007 0.9215272068977356 0.0 0.0 0.0 0.0 0.0 0.0 0.0 0.0 0.0 0.0 0.0 0.0 0.0 0.0 0.0 0.0 0.0 0.0 0.0 0.0
0.5289821624755859 0.39372506737709045 0.1749180555343628 0.4724728763103485 0.5362950563430786 0.9048094749450684 0.2228638380765915 0.9202197790145874 0.0 0.0 0.0 0.0 0.0 0.0 0.0 0.0 0.0 0.0 0.0 0.0 0.0 0.0 0.0 0.0 0.0 0.0 0.0 0.0
